Date;Closing Price;Change;Trading Volume (shr);Trading Value (KHR);Opening;High;Low;Market Cap. (Mil.KHR);Full Market Cap. (Mil.KHR)
2025-09-19;2,430;0;4,742;11,498,630;2,430;2,430;2,420;4,761,029;4,761,029
2025-09-18;2,430;0;1,918;4,654,740;2,430;2,430;2,420;4,761,029;4,761,029
2025-09-17;2,430;0;3,038;7,381,220;2,430;2,430;2,420;4,761,029;4,761,029
2025-09-16;2,430;0;3,391;8,221,260;2,430;2,430;2,420;4,761,029;4,761,029
2025-09-15;2,430;10;12,408;29,838,040;2,440;2,440;2,390;4,761,029;4,761,029
2025-09-12;2,440;0;601;1,465,640;2,440;2,440;2,420;4,780,622;4,780,622
2025-09-11;2,440;0;684;1,663,580;2,430;2,440;2,420;4,780,622;4,780,622
2025-09-10;2,440;10;9,154;22,248,050;2,430;2,440;2,430;4,780,622;4,780,622
2025-09-09;2,430;0;3,823;9,262,370;2,420;2,430;2,420;4,761,029;4,761,029
2025-09-08;2,430;10;22,150;53,609,010;2,420;2,430;2,420;4,761,029;4,761,029
2025-09-05;2,420;0;1,627;3,937,330;2,420;2,420;2,410;4,741,436;4,741,436
2025-09-04;2,420;10;8,561;20,698,340;2,430;2,430;2,410;4,741,436;4,741,436
2025-09-03;2,430;20;6,719;16,283,050;2,430;2,430;2,420;4,761,029;4,761,029
2025-09-02;2,450;10;2,633;6,456,820;2,460;2,460;2,450;4,800,214;4,800,214
2025-09-01;2,460;0;4,304;10,576,120;2,460;2,460;2,450;4,819,807;4,819,807
2025-08-29;2,460;0;5,987;14,727,520;2,450;2,460;2,450;4,819,807;4,819,807
2025-08-28;2,460;0;2,210;5,430,600;2,460;2,460;2,450;4,819,807;4,819,807
2025-08-27;2,460;0;3,537;8,687,670;2,450;2,460;2,450;4,819,807;4,819,807
2025-08-26;2,460;10;15,691;38,507,950;2,460;2,460;2,450;4,819,807;4,819,807
2025-08-25;2,450;10;8,075;19,787,900;2,450;2,450;2,440;4,800,214;4,800,214
2025-08-22;2,440;0;2,126;5,189,440;2,440;2,450;2,430;4,780,622;4,780,622
2025-08-21;2,440;0;3,635;8,901,850;2,440;2,460;2,440;4,780,622;4,780,622
2025-08-20;2,440;0;4,825;11,763,270;2,440;2,440;2,430;4,780,622;4,780,622
2025-08-19;2,440;10;454;1,103,330;2,430;2,440;2,430;4,780,622;4,780,622
2025-08-18;2,430;0;1,784;4,334,130;2,430;2,430;2,420;4,761,029;4,761,029
2025-08-15;2,430;10;1,760;4,271,000;2,420;2,440;2,420;4,761,029;4,761,029
2025-08-14;2,440;10;27,358;66,042,180;2,450;2,450;2,400;4,780,622;4,780,622
2025-08-13;2,450;10;9,130;22,278,630;2,440;2,450;2,430;4,800,214;4,800,214
2025-08-12;2,440;0;1,438;3,505,270;2,440;2,440;2,430;4,780,622;4,780,622
2025-08-11;2,440;0;1,438;3,504,990;2,440;2,450;2,430;4,780,622;4,780,622
2025-08-08;2,440;0;4,476;10,904,330;2,440;2,440;2,430;4,780,622;4,780,622
2025-08-07;2,440;0;649;1,581,040;2,440;2,440;2,430;4,780,622;4,780,622
2025-08-06;2,440;0;845;2,061,800;2,440;2,440;2,440;4,780,622;4,780,622
2025-08-05;2,440;0;1,474;3,586,290;2,440;2,440;2,430;4,780,622;4,780,622
2025-08-04;2,440;10;579;1,408,200;2,430;2,440;2,430;4,780,622;4,780,622
2025-08-01;2,430;10;4,096;9,964,010;2,440;2,440;2,430;4,761,029;4,761,029
2025-07-31;2,440;10;1,687;4,103,450;2,430;2,440;2,430;4,780,622;4,780,622
2025-07-30;2,430;0;970;2,357,100;2,430;2,430;2,430;4,761,029;4,761,029
2025-07-29;2,430;0;3,855;9,329,520;2,410;2,430;2,410;4,761,029;4,761,029
2025-07-28;2,430;0;3,938;9,539,160;2,430;2,430;2,420;4,761,029;4,761,029
2025-07-25;2,430;10;1,899;4,628,810;2,440;2,440;2,430;4,761,029;4,761,029
2025-07-24;2,440;0;8,217;19,934,000;2,440;2,440;2,420;4,780,622;4,780,622
2025-07-23;2,440;10;1,380;3,361,360;2,430;2,440;2,430;4,780,622;4,780,622
2025-07-22;2,430;10;3,866;9,398,700;2,440;2,440;2,430;4,761,029;4,761,029
2025-07-21;2,440;0;697;1,696,050;2,440;2,440;2,430;4,780,622;4,780,622
2025-07-18;2,440;0;2,567;6,250,040;2,440;2,440;2,430;4,780,622;4,780,622
2025-07-17;2,440;10;6,391;15,529,920;2,430;2,440;2,420;4,780,622;4,780,622
2025-07-16;2,430;0;707;1,717,030;2,420;2,430;2,420;4,761,029;4,761,029
2025-07-15;2,430;0;3,559;8,632,210;2,430;2,430;2,420;4,761,029;4,761,029
2025-07-14;2,430;0;486;1,180,160;2,440;2,440;2,420;4,761,029;4,761,029
2025-07-11;2,430;10;2,316;5,599,410;2,440;2,440;2,410;4,761,029;4,761,029
2025-07-10;2,440;20;618;1,502,420;2,420;2,440;2,420;4,780,622;4,780,622
2025-07-09;2,420;0;3,171;7,681,350;2,430;2,430;2,420;4,741,436;4,741,436
2025-07-08;2,420;10;3,125;7,563,360;2,420;2,440;2,420;4,741,436;4,741,436
2025-07-07;2,430;0;1,218;2,954,070;2,440;2,440;2,420;4,761,029;4,761,029
2025-07-04;2,430;0;6,869;16,755,190;2,430;2,440;2,430;4,761,029;4,761,029
2025-07-03;2,430;10;906;2,201,660;2,430;2,430;2,420;4,761,029;4,761,029
2025-07-02;2,420;20;5,066;12,275,620;2,440;2,450;2,420;4,741,436;4,741,436
2025-07-01;2,440;10;23,648;57,635,170;2,430;2,440;2,430;4,780,622;4,780,622
2025-06-30;2,430;0;1,745;4,238,220;2,430;2,440;2,420;4,761,029;4,761,029
2025-06-27;2,430;10;14,526;35,156,500;2,420;2,430;2,410;4,761,029;4,761,029
2025-06-26;2,420;10;3,582;8,683,260;2,430;2,430;2,420;4,741,436;4,741,436
2025-06-25;2,430;0;1,973;4,786,250;2,430;2,430;2,420;4,761,029;4,761,029
2025-06-24;2,430;0;5,705;13,808,880;2,420;2,430;2,420;4,761,029;4,761,029
2025-06-23;2,430;10;2,919;7,073,750;2,430;2,430;2,420;4,761,029;4,761,029
2025-06-20;2,420;10;2,909;7,051,640;2,430;2,430;2,410;4,741,436;4,741,436
2025-06-19;2,430;10;2,239;5,427,160;2,420;2,430;2,420;4,761,029;4,761,029
2025-06-17;2,420;0;6,553;15,921,080;2,430;2,430;2,420;4,741,436;4,741,436
2025-06-16;2,420;10;28,064;67,334,940;2,430;2,430;2,390;4,741,436;4,741,436
2025-06-13;2,430;0;12,507;30,391,430;2,430;2,430;2,420;4,761,029;4,761,029
2025-06-12;2,430;0;914;2,215,080;2,430;2,430;2,410;4,761,029;4,761,029
2025-06-11;2,430;10;425;1,029,900;2,420;2,430;2,410;4,761,029;4,761,029
2025-06-10;2,420;0;2,156;5,217,250;2,420;2,420;2,410;4,741,436;4,741,436
2025-06-09;2,420;10;6,820;16,438,560;2,410;2,420;2,410;4,741,436;4,741,436
2025-06-06;2,410;10;6,999;16,898,570;2,430;2,430;2,410;4,721,844;4,721,844
2025-06-05;2,420;10;2,989;7,220,890;2,410;2,420;2,410;4,741,436;4,741,436
2025-06-04;2,410;40;1,219;2,947,730;2,420;2,420;2,410;4,721,844;4,721,844
2025-06-03;2,450;10;7,967;19,474,390;2,440;2,450;2,440;4,800,214;4,800,214
2025-06-02;2,440;10;2,776;6,760,700;2,430;2,440;2,430;4,780,622;4,780,622
2025-05-30;2,430;20;7,645;18,518,780;2,420;2,440;2,420;4,761,029;4,761,029
2025-05-29;2,410;0;16,328;39,226,360;2,410;2,420;2,380;4,721,844;4,721,844
2025-05-28;2,410;0;1,726;4,160,570;2,410;2,420;2,410;4,721,844;4,721,844
2025-05-27;2,410;0;1,115;2,687,630;2,410;2,420;2,400;4,721,844;4,721,844
2025-05-26;2,410;0;1,968;4,752,820;2,410;2,420;2,410;4,721,844;4,721,844
2025-05-23;2,410;10;3,204;7,717,120;2,420;2,420;2,390;4,721,844;4,721,844
2025-05-22;2,420;0;20,369;48,891,400;2,400;2,420;2,400;4,741,436;4,741,436
2025-05-21;2,420;10;1,449;3,506,300;2,420;2,420;2,410;4,741,436;4,741,436
2025-05-20;2,410;0;16,169;38,960,000;2,410;2,420;2,400;4,721,844;4,721,844
2025-05-19;2,410;10;2,666;6,404,690;2,420;2,420;2,390;4,721,844;4,721,844
2025-05-16;2,420;10;1,289;3,106,360;2,400;2,420;2,400;4,741,436;4,741,436
2025-05-13;2,410;10;1,999;4,820,080;2,420;2,420;2,410;4,721,844;4,721,844
2025-05-12;2,420;10;1,683;4,059,790;2,410;2,420;2,410;4,741,436;4,741,436
2025-05-09;2,410;0;3,843;9,240,000;2,410;2,420;2,390;4,721,844;4,721,844
2025-05-08;2,410;0;17,667;42,445,360;2,410;2,410;2,390;4,721,844;4,721,844
2025-05-07;2,410;10;1,252;3,010,900;2,410;2,410;2,400;4,721,844;4,721,844
2025-05-06;2,400;10;3,209;7,705,900;2,410;2,410;2,400;4,702,251;4,702,251
2025-05-05;2,410;0;4,444;10,708,520;2,410;2,420;2,400;4,721,844;4,721,844
2025-05-02;2,410;10;1,957;4,721,080;2,420;2,420;2,400;4,721,844;4,721,844
2025-04-30;2,420;10;3,796;9,148,650;2,410;2,420;2,410;4,741,436;4,741,436
2025-04-29;2,410;10;17,541;42,059,730;2,420;2,420;2,390;4,721,844;4,721,844
2025-04-28;2,400;0;19,499;46,618,790;2,400;2,400;2,390;4,702,251;4,702,251
2025-04-25;2,400;0;7,903;18,918,600;2,400;2,400;2,380;4,702,251;4,702,251
2025-04-24;2,400;20;2,483;5,966,910;2,420;2,420;2,400;4,702,251;4,702,251
2025-04-23;2,420;10;4,141;10,006,750;2,420;2,420;2,410;4,741,436;4,741,436
2025-04-22;2,410;20;13,512;32,697,250;2,430;2,430;2,410;4,721,844;4,721,844
2025-04-21;2,430;10;7,799;18,914,230;2,420;2,430;2,420;4,761,029;4,761,029
2025-04-18;2,420;0;591;1,421,460;2,420;2,420;2,400;4,741,436;4,741,436
2025-04-17;2,420;10;6,118;14,559,290;2,410;2,420;2,360;4,741,436;4,741,436
2025-04-11;2,410;10;578;1,397,760;2,420;2,420;2,410;4,721,844;4,721,844
2025-04-10;2,420;0;12,057;28,941,900;2,420;2,420;2,400;4,741,436;4,741,436
2025-04-09;2,420;20;723;1,738,120;2,400;2,430;2,390;4,741,436;4,741,436
2025-04-08;2,400;10;4,242;10,182,190;2,430;2,430;2,390;4,702,251;4,702,251
2025-04-07;2,390;30;18,783;45,039,010;2,420;2,420;2,390;4,682,658;4,682,658
2025-04-04;2420.0;0;1396.0;3377000.0;2430.0;2430.0;2410.0;4741436;4741436
2025-04-03;2,420;0;13,292;32,137,800;2,420;2,430;2,400;4,741,436;4,741,436
2025-04-02;2,420;0;7,358;17,678,850;2,430;2,430;2,400;4,741,436;4,741,436
2025-04-01;2,420;10;6,867;16,505,570;2,440;2,440;2,400;4,741,436;4,741,436
2025-03-31;2,430;0;1,519;3,680,160;2,430;2,430;2,420;4,761,029;4,761,029
2025-03-28;2,430;10;1,443;3,495,460;2,430;2,430;2,420;4,761,029;4,761,029
2025-03-27;2,440;10;261;633,160;2,430;2,440;2,420;4,780,622;4,780,622
2025-03-26;2,430;0;1,646;3,976,040;2,430;2,440;2,400;4,761,029;4,761,029
2025-03-25;2,430;0;5,506;13,379,290;2,430;2,430;2,420;4,761,029;4,761,029
2025-03-24;2,430;0;17,695;42,615,440;2,430;2,440;2,400;4,761,029;4,761,029
2025-03-21;2,430;0;1,367;3,321,820;2,430;2,440;2,430;4,761,029;4,761,029
2025-03-20;2,430;10;17,253;41,937,700;2,430;2,440;2,420;4,761,029;4,761,029
2025-03-19;2,440;0;482;1,172,290;2,430;2,440;2,430;4,780,622;4,780,622
2025-03-18;2,440;0;2,307;5,625,950;2,440;2,440;2,430;4,780,622;4,780,622
2025-03-17;2,440;10;2,647;6,404,350;2,430;2,440;2,410;4,780,622;4,780,622
2025-03-14;2,430;10;8,145;19,764,860;2,440;2,440;2,420;4,761,029;4,761,029
2025-03-13;2,440;10;5,766;14,004,770;2,430;2,440;2,420;4,780,622;4,780,622
2025-03-12;2,430;10;3,937;9,538,050;2,440;2,440;2,410;4,761,029;4,761,029
2025-03-11;2,440;0;1,015;2,474,870;2,440;2,440;2,430;4,780,622;4,780,622
2025-03-10;2,440;0;600;1,464,000;2,440;2,440;2,440;4,780,622;4,780,622
2025-03-07;2,440;10;6,946;16,897,340;2,440;2,440;2,430;4,780,622;4,780,622
2025-03-06;2,430;10;1,249;3,034,760;2,440;2,440;2,420;4,761,029;4,761,029
2025-03-05;2,440;0;1,820;4,426,990;2,440;2,440;2,430;4,780,622;4,780,622
2025-03-04;2,440;0;13,494;32,792,360;2,440;2,440;2,430;4,780,622;4,780,622
2025-03-03;2,440;0;7,058;17,107,570;2,440;2,440;2,420;4,780,622;4,780,622
2025-02-28;2,440;0;1,203;2,921,050;2,440;2,440;2,420;4,780,622;4,780,622
2025-02-27;2,440;0;529;1,286,450;2,420;2,440;2,420;4,780,622;4,780,622
2025-02-26;2,440;10;5,555;13,476,310;2,430;2,440;2,420;4,780,622;4,780,622
2025-02-25;2,430;0;5,816;14,083,030;2,430;2,430;2,420;4,761,029;4,761,029
2025-02-24;2,430;0;16,229;39,288,700;2,430;2,440;2,420;4,761,029;4,761,029
2025-02-21;2,430;0;12,114;29,335,020;2,430;2,430;2,420;4,761,029;4,761,029
2025-02-20;2,430;0;1,466;3,568,490;2,430;2,440;2,430;4,761,029;4,761,029
2025-02-19;2,430;0;471;1,144,530;2,430;2,430;2,430;4,761,029;4,761,029
2025-02-18;2,430;0;3,399;8,231,390;2,430;2,430;2,410;4,761,029;4,761,029
2025-02-17;2,430;0;9,280;22,459,330;2,430;2,430;2,410;4,761,029;4,761,029
2025-02-14;2,430;0;488;1,185,610;2,430;2,430;2,420;4,761,029;4,761,029
2025-02-13;2,430;10;6,225;15,066,380;2,420;2,430;2,420;4,761,029;4,761,029
2025-02-12;2,420;20;25,952;62,829,450;2,440;2,440;2,410;4,741,436;4,741,436
2025-02-11;2440.0;0;5557.0;13506490.0;2440.0;2440.0;2430.0;4780622;4780622
2025-02-10;2440.0;10.0;882.0;2143770.0;2430.0;2440.0;2420.0;4780621;4780621
2025-02-07;2,430;10;1,362;3,308,440;2,420;2,440;2,420;4,761,029;4,761,029
2025-02-06;2,440;0;2,547;6,195,900;2,440;2,440;2,430;4,780,622;4,780,622
2025-02-05;2,440;20;591;1,436,780;2,430;2,450;2,420;4,780,622;4,780,622
2025-02-04;2420.0;20.0;873.0;2120640.0;2440.0;2440.0;2420.0;4741436;4741436
2025-02-03;2440.0;0;3993.0;9726280.0;2440.0;2450.0;2420.0;4780622;4780622
2025-01-31;2,440;10;2,775;6,747,490;2,430;2,440;2,420;4,780,622;4,780,622
2025-01-30;2450.0;10.0;2254.0;5492510.0;2440.0;2450.0;2420.0;4800214;4800214
2025-01-29;2,440;0;1,762;4,286,440;2,440;2,440;2,430;4,780,622;4,780,622
2025-01-28;2440.0;0;3353.0;8146990.0;2440.0;2440.0;2420.0;4780622;4780622
2025-01-27;2,440;0;7,102;17,265,200;2,440;2,440;2,420;4,780,622;4,780,622
2025-01-24;2,440;0;6,718;16,326,450;2,440;2,440;2,430;4,780,622;4,780,622
2025-01-23;2440.0;10.0;5004.0;12161540.0;2430.0;2440.0;2430.0;4780621;4780621
2025-01-22;2430.0;10.0;5343.0;12999740.0;2440.0;2440.0;2420.0;4761029;4761029
2025-01-21;2440.0;0;12653.0;30738720.0;2440.0;2440.0;2420.0;4780622;4780622
2025-01-20;2440.0;10.0;6201.0;15037240.0;2420.0;2440.0;2420.0;4780621;4780621
2025-01-17;2,430;0;2,309;5,608,010;2,430;2,430;2,420;4,761,029;4,761,029
2025-01-16;2,430;10;1,830;4,452,050;2,440;2,440;2,430;4,761,029;4,761,029
2025-01-15;2,440;10;6,962;16,837,480;2,430;2,440;2,420;4,780,622;4,780,622
2025-01-14;2,430;10;2,454;5,944,110;2,420;2,430;2,410;4,761,029;4,761,029
2025-01-13;2420.0;0;2871.0;6931080.0;2420.0;2430.0;2410.0;4741436;4741436
2025-01-10;2,420;0;4,010;9,702,880;2,420;2,430;2,410;4,741,436;4,741,436
2025-01-09;2,420;0;22,140;53,354,430;2,420;2,420;2,400;4,741,436;4,741,436
2025-01-08;2420.0;0;7005.0;16879790.0;2420.0;2420.0;2400.0;4741436.0;4741436.0
2025-01-06;2,420;0;8,785;21,150,140;2,420;2,420;2,400;4,741,436;4,741,436
2025-01-03;2,420;0;2,483;6,013,810;2,430;2,430;2,420;4,741,436;4,741,436
2025-01-02;2,420;10;5,823;14,114,440;2,430;2,430;2,420;4,741,436;4,741,436
2024-12-31;2,430;10;19,547;47,397,100;2,420;2,440;2,410;4,761,029;4,761,029
2024-12-30;2,420;10;9,120;22,059,230;2,430;2,430;2,410;4,741,436;4,741,436
2024-12-27;2,430;10;5,885;14,237,850;2,420;2,430;2,410;4,761,029;4,761,029
2024-12-26;2,440;10;1,521;3,709,410;2,430;2,450;2,430;4,780,622;4,780,622
2024-12-25;2,430;0;11,031;26,748,620;2,440;2,440;2,420;4,761,029;4,761,029
2024-12-24;2,430;10;2,699;6,558,250;2,430;2,440;2,420;4,761,029;4,761,029
2024-12-23;2,420;10;8,665;21,023,050;2,420;2,450;2,420;4,741,436;4,741,436
2024-12-20;2,410;0;5,604;13,588,820;2,430;2,430;2,410;4,721,844;4,721,844
2024-12-19;2,410;20;4,548;11,013,780;2,440;2,440;2,410;4,721,844;4,721,844
2024-12-18;2,430;0;693;1,686,190;2,450;2,450;2,430;4,761,029;4,761,029
2024-12-17;2,430;10;9,544;23,092,160;2,420;2,450;2,410;4,761,029;4,761,029
2024-12-16;2,420;20;11,433;27,759,270;2,430;2,430;2,420;4,741,436;4,741,436
2024-12-13;2,440;0;3,949;9,594,600;2,440;2,440;2,410;4,780,622;4,780,622
2024-12-12;2,440;0;3,727;9,075,930;2,440;2,450;2,430;4,780,622;4,780,622
2024-12-11;2,440;20;4,038;9,853,810;2,440;2,450;2,430;4,780,622;4,780,622
2024-12-10;2,420;20;5,099;12,389,220;2,440;2,440;2,420;4,741,436;4,741,436
2024-12-09;2,440;0;2,443;5,961,380;2,440;2,440;2,430;4,780,622;4,780,622
2024-12-06;2,440;10;9,812;23,730,030;2,410;2,440;2,410;4,780,622;4,780,622
2024-12-05;2,430;10;6,911;17,026,720;2,440;2,440;2,430;4,761,029;4,761,029
2024-12-04;2,440;0;6,674;16,084,420;2,440;2,440;2,400;4,780,622;4,780,622
2024-12-03;2,440;10;3,883;9,393,860;2,440;2,440;2,420;4,780,622;4,780,622
2024-12-02;2,430;0;4,417;10,725,630;2,450;2,450;2,410;4,761,029;4,761,029
2024-11-29;2,430;10;962;2,343,350;2,440;2,440;2,420;4,761,029;4,761,029
2024-11-28;2,440;0;4,027;9,743,090;2,440;2,440;2,400;4,780,622;4,780,622
2024-11-27;2,440;20;276;673,910;2,450;2,450;2,420;4,780,622;4,780,622
2024-11-26;2,420;20;5,217;12,741,130;2,450;2,450;2,420;4,741,436;4,741,436
2024-11-25;2,440;0;957;2,329,810;2,430;2,440;2,430;4,780,622;4,780,622
2024-11-22;2,440;10;3,476;8,514,100;2,450;2,460;2,420;4,780,622;4,780,622
2024-11-21;2,430;10;13,836;33,616,830;2,440;2,440;2,420;4,761,029;4,761,029
2024-11-20;2,440;10;3,587;8,723,990;2,430;2,450;2,420;4,780,622;4,780,622
2024-11-19;2,430;10;977;2,381,230;2,460;2,460;2,430;4,761,029;4,761,029
2024-11-18;2,440;10;1,758;4,272,460;2,450;2,470;2,440;4,780,622;4,780,622
2024-11-13;2,450;10;5,833;14,242,630;2,440;2,450;2,440;4,800,214;4,800,214
2024-11-12;2,440;10;2,377;5,775,240;2,430;2,440;2,420;4,780,622;4,780,622
2024-11-11;2,430;10;15,847;38,583,290;2,430;2,440;2,420;4,761,029;4,761,029
2024-11-08;2,440;10;24,608;59,797,210;2,420;2,440;2,420;4,780,622;4,780,622
2024-11-07;2,430;0;11,217;27,257,730;2,430;2,430;2,420;4,761,029;4,761,029
2024-11-06;2,430;0;30,627;74,423,440;2,420;2,440;2,420;4,761,029;4,761,029
2024-11-05;2,430;10;3,846;9,314,600;2,430;2,430;2,420;4,761,029;4,761,029
2024-11-04;2,420;40;13,649;33,162,880;2,430;2,440;2,410;4,741,436;4,741,436
2024-11-01;2,460;10;11,639;28,514,980;2,450;2,460;2,430;4,819,807;4,819,807
2024-10-31;2,450;10;4,998;12,170,210;2,430;2,460;2,430;4,800,214;4,800,214
2024-10-30;2,440;10;7,532;18,451,880;2,450;2,470;2,430;4,780,622;4,780,622
2024-10-28;2,430;10;2,772;6,619,290;2,450;2,450;2,420;4,761,029;4,761,029
2024-10-25;2,420;10;1,953;4,746,340;2,430;2,440;2,420;4,741,436;4,741,436
2024-10-24;2,430;10;1,306;3,175,260;2,440;2,440;2,430;4,761,029;4,761,029
2024-10-23;2,440;20;241;583,360;2,420;2,440;2,420;4,780,622;4,780,622
2024-10-22;2,420;20;1,918;4,673,990;2,440;2,440;2,420;4,741,436;4,741,436
2024-10-21;2,440;10;661;1,613,910;2,450;2,450;2,430;4,780,622;4,780,622
2024-10-18;2,450;0;1,431;3,491,280;2,450;2,450;2,430;4,800,214;4,800,214
2024-10-17;2,450;10;4,259;10,393,390;2,440;2,450;2,430;4,800,214;4,800,214
2024-10-16;2,440;20;1,996;4,842,630;2,420;2,440;2,410;4,780,622;4,780,622
2024-10-14;2,420;20;923;2,255,410;2,450;2,450;2,420;4,741,436;4,741,436
2024-10-11;2,440;10;3,137;7,630,810;2,440;2,450;2,440;4,780,622;4,780,622
2024-10-10;2,450;10;977;2,385,580;2,440;2,450;2,440;4,800,214;4,800,214
2024-10-09;2,440;0;2,386;5,821,850;2,440;2,450;2,440;4,780,622;4,780,622
2024-10-08;2,440;10;2,133;5,212,950;2,430;2,450;2,430;4,780,622;4,780,622
2024-10-07;2,430;20;2,387;5,829,770;2,450;2,450;2,430;4,761,029;4,761,029
2024-10-04;2,450;20;11,446;27,814,470;2,430;2,450;2,420;4,800,214;4,800,214
2024-09-30;2,430;0;11,162;27,122,400;2,430;2,450;2,420;4,761,029;4,761,029
2024-09-27;2,430;0;13,164;32,144,080;2,440;2,450;2,430;4,761,029;4,761,029
2024-09-26;2,430;0;4,338;10,529,380;2,440;2,440;2,420;4,761,029;4,761,029
2024-09-25;2,430;10;1,879;4,551,750;2,420;2,430;2,410;4,761,029;4,761,029
2024-09-23;2,420;0;9,217;22,185,800;2,440;2,440;2,400;4,741,436;4,741,436
2024-09-20;2,420;0;3,033;7,342,980;2,420;2,440;2,410;4,741,436;4,741,436
2024-09-19;2,420;0;7,215;17,526,950;2,420;2,440;2,420;4,741,436;4,741,436
2024-09-18;2,420;0;1,842;4,456,640;2,420;2,420;2,420;4,741,436;4,741,436
2024-09-17;2,420;0;1,194;2,891,280;2,420;2,420;2,410;4,741,436;4,741,436
2024-09-16;2,420;10;2,891;6,988,900;2,420;2,420;2,400;4,741,436;4,741,436
2024-09-13;2,430;0;710;1,720,670;2,430;2,430;2,410;4,761,029;4,761,029
2024-09-12;2,430;0;2,922;7,092,220;2,430;2,430;2,410;4,761,029;4,761,029
2024-09-11;2,430;10;2,650;6,392,970;2,400;2,430;2,400;4,761,029;4,761,029
2024-09-10;2,420;0;1,744;4,201,620;2,430;2,430;2,400;4,741,436;4,741,436
2024-09-09;2,420;10;3,850;9,278,390;2,430;2,430;2,400;4,741,436;4,741,436
2024-09-06;2,430;10;514;1,245,850;2,430;2,430;2,420;4,761,029;4,761,029
2024-09-05;2,420;10;2,232;5,402,070;2,430;2,430;2,410;4,741,436;4,741,436
2024-09-04;2,430;10;5,498;13,304,100;2,420;2,430;2,410;4,761,029;4,761,029
2024-09-03;2,420;10;5,196;12,523,510;2,410;2,420;2,410;4,741,436;4,741,436
2024-09-02;2,410;10;2,268;5,486,720;2,420;2,420;2,410;4,721,844;4,721,844
2024-08-30;2,420;0;2,468;5,945,620;2,420;2,420;2,400;4,741,436;4,741,436
2024-08-29;2,420;0;1,821;4,382,720;2,420;2,430;2,400;4,741,436;4,741,436
2024-08-28;2,420;10;11,901;28,617,750;2,410;2,420;2,400;4,741,436;4,741,436
2024-08-27;2,410;10;5,003;12,053,400;2,410;2,420;2,400;4,721,844;4,721,844
2024-08-26;2,400;30;2,988;7,212,730;2,430;2,430;2,400;4,702,251;4,702,251
2024-08-23;2,430;0;5,734;13,896,250;2,420;2,430;2,410;4,761,029;4,761,029
2024-08-22;2,430;0;303;733,930;2,430;2,430;2,420;4,761,029;4,761,029
2024-08-21;2,430;0;214;520,260;2,440;2,440;2,420;4,761,029;4,761,029
2024-08-20;2,430;10;2,662;6,487,620;2,440;2,440;2,420;4,761,029;4,761,029
2024-08-19;2,420;10;14,603;35,235,040;2,430;2,450;2,410;4,741,436;4,741,436
2024-08-16;2,430;0;3,831;9,312,620;2,440;2,440;2,430;4,761,029;4,761,029
2024-08-15;2,430;0;2,316;5,605,750;2,430;2,430;2,420;4,761,029;4,761,029
2024-08-14;2,430;10;2,698;6,551,710;2,420;2,440;2,420;4,761,029;4,761,029
2024-08-13;2,420;10;500;1,205,280;2,410;2,420;2,400;4,741,436;4,741,436
2024-08-12;2,410;30;3,285;7,918,920;2,420;2,440;2,400;4,721,844;4,721,844
2024-08-09;2,440;20;12,080;29,494,460;2,420;2,460;2,400;4,780,622;4,780,622
2024-08-08;2,420;0;533;1,288,410;2,420;2,420;2,410;4,741,436;4,741,436
2024-08-07;2,420;20;1,352;3,271,820;2,420;2,430;2,410;4,741,436;4,741,436
2024-08-06;2,400;20;11,716;28,100,080;2,400;2,420;2,390;4,702,251;4,702,251
2024-08-05;2,420;0;2,868;6,940,560;2,420;2,420;2,420;4,741,436;4,741,436
2024-08-02;2,420;0;11,545;27,939,410;2,420;2,430;2,400;4,741,436;4,741,436
2024-08-01;2,420;0;31,507;75,431,840;2,410;2,420;2,390;4,741,436;4,741,436
2024-07-31;2,420;0;4,516;10,915,610;2,430;2,430;2,410;4,741,436;4,741,436
2024-07-30;2,420;0;4,180;10,098,560;2,420;2,430;2,400;4,741,436;4,741,436
2024-07-29;2,420;0;2,629;6,347,350;2,420;2,430;2,410;4,741,436;4,741,436
2024-07-26;2,420;10;1,623;3,924,960;2,400;2,430;2,400;4,741,436;4,741,436
2024-07-25;2,430;0;4,808;11,670,120;2,430;2,430;2,410;4,761,029;4,761,029
2024-07-24;2,430;0;1,828;4,441,320;2,430;2,430;2,420;4,761,029;4,761,029
2024-07-23;2,430;0;26,495;63,482,720;2,430;2,430;2,390;4,761,029;4,761,029
2024-07-22;2,430;0;21,697;52,176,870;2,430;2,440;2,390;4,761,029;4,761,029
2024-07-19;2,430;10;7,173;17,431,610;2,430;2,440;2,420;4,761,029;4,761,029
2024-07-18;2,440;10;10,086;24,505,920;2,430;2,440;2,410;4,780,622;4,780,622
2024-07-17;2,430;10;5,382;12,984,420;2,420;2,430;2,400;4,761,029;4,761,029
2024-07-16;2,420;20;2,689;6,494,550;2,400;2,420;2,400;4,741,436;4,741,436
2024-07-15;2,400;10;11,712;28,153,280;2,410;2,420;2,390;4,702,251;4,702,251
2024-07-12;2,410;20;14,597;34,987,080;2,400;2,420;2,390;4,721,844;4,721,844
2024-07-11;2,390;30;42,720;102,331,360;2,430;2,430;2,390;4,682,658;4,682,658
2024-07-10;2,420;40;7,683;18,662,510;2,440;2,440;2,410;4,741,436;4,741,436
2024-07-09;2,460;10;21,097;51,535,920;2,450;2,460;2,440;4,819,807;4,819,807
2024-07-08;2,450;0;10,364;25,308,820;2,440;2,460;2,440;4,800,214;4,800,214
2024-07-05;2,450;10;5,365;13,078,580;2,440;2,450;2,430;4,800,214;4,800,214
2024-07-04;2,440;0;15,184;36,954,160;2,440;2,450;2,430;4,780,622;4,780,622
2024-07-03;2,440;10;16,246;39,793,400;2,450;2,460;2,430;4,780,622;4,780,622
2024-07-02;2,450;10;22,131;54,054,990;2,450;2,460;2,430;4,800,214;4,800,214
2024-07-01;2,440;10;11,479;28,009,070;2,440;2,450;2,430;4,780,622;4,780,622
2024-06-28;2,450;20;7,273;17,769,840;2,430;2,450;2,430;4,800,214;4,800,214
2024-06-27;2,430;10;29,716;72,184,020;2,430;2,440;2,410;4,761,029;4,761,029
2024-06-26;2,420;0;9,172;22,162,800;2,410;2,420;2,410;4,741,436;4,741,436
2024-06-25;2,420;10;15,721;37,810,310;2,400;2,420;2,400;4,741,436;4,741,436
2024-06-24;2,410;10;9,499;22,827,350;2,400;2,420;2,400;4,721,844;4,721,844
2024-06-21;2,400;0;16,014;38,437,550;2,400;2,410;2,400;4,702,251;4,702,251
2024-06-20;2,400;0;10,528;25,351,630;2,410;2,420;2,400;4,702,251;4,702,251
2024-06-19;2,400;0;2,205;5,311,160;2,420;2,420;2,400;4,702,251;4,702,251
2024-06-17;2,400;10;18,950;45,465,030;2,410;2,420;2,390;4,702,251;4,702,251
2024-06-14;2,410;0;4,394;10,589,340;2,410;2,420;2,400;4,721,844;4,721,844
2024-06-13;2,410;10;12,768;30,639,330;2,400;2,410;2,390;4,721,844;4,721,844
2024-06-12;2,400;0;15,414;36,994,110;2,420;2,420;2,390;4,702,251;4,702,251
2024-06-11;2,400;0;20,037;47,979,390;2,400;2,420;2,380;4,702,251;4,702,251
2024-06-10;2,400;10;5,423;12,982,740;2,400;2,410;2,390;4,702,251;4,702,251
2024-06-07;2,390;0;9,748;23,297,710;2,390;2,390;2,380;4,682,658;4,682,658
2024-06-06;2,390;0;3,135;7,486,200;2,390;2,400;2,380;4,682,658;4,682,658
2024-06-05;2,390;0;16,060;38,397,850;2,400;2,410;2,390;4,682,658;4,682,658
2024-06-04;2,390;0;17,386;41,566,310;2,390;2,400;2,390;4,682,658;4,682,658
2024-06-03;2,390;30;48,656;116,432,020;2,390;2,410;2,390;4,682,658;4,682,658
2024-05-31;2,420;10;14,977;36,405,950;2,430;2,440;2,420;4,741,436;4,741,436
2024-05-30;2,430;0;7,834;18,988,000;2,420;2,450;2,420;4,761,029;4,761,029
2024-05-29;2,430;10;17,454;42,461,740;2,440;2,440;2,430;4,761,029;4,761,029
2024-05-28;2,440;0;22,977;55,897,260;2,440;2,440;2,420;4,780,622;4,780,622
2024-05-27;2,440;20;4,879;11,865,560;2,440;2,450;2,420;4,780,622;4,780,622
2024-05-24;2,420;0;11,468;27,701,120;2,420;2,420;2,400;4,741,436;4,741,436
2024-05-23;2,420;0;2,048;4,940,210;2,420;2,430;2,400;4,741,436;4,741,436
2024-05-21;2,420;10;33,730;80,937,820;2,430;2,430;2,390;4,741,436;4,741,436
2024-05-20;2,410;20;19,617;47,337,240;2,430;2,440;2,410;4,721,844;4,721,844
2024-05-17;2,430;20;23,088;55,876,000;2,410;2,470;2,400;4,761,029;4,761,029
2024-05-16;2,410;10;2,916;6,993,070;2,400;2,410;2,390;4,721,844;4,721,844
2024-05-15;2,400;10;9,016;21,519,040;2,410;2,410;2,380;4,702,251;4,702,251
2024-05-13;2,410;10;16,023;38,403,870;2,400;2,410;2,380;4,721,844;4,721,844
2024-05-10;2,400;0;6,657;15,927,280;2,400;2,420;2,380;4,702,251;4,702,251
2024-05-09;2,400;10;8,983;21,501,520;2,400;2,420;2,390;4,702,251;4,702,251
2024-05-08;2,410;30;20,916;50,029,040;2,380;2,430;2,380;4,721,844;4,721,844
2024-05-07;2,380;10;2,441;5,815,090;2,390;2,390;2,380;4,663,065;4,663,065
2024-05-06;2,390;10;33,092;78,656,480;2,380;2,390;2,360;4,682,658;4,682,658
2024-05-03;2,380;0;16,715;39,712,370;2,390;2,390;2,370;4,663,065;4,663,065
2024-05-02;2,380;0;26,484;62,969,850;2,370;2,390;2,370;4,663,065;4,663,065
2024-04-30;2,380;10;23,892;56,668,160;2,390;2,390;2,360;4,663,065;4,663,065
2024-04-29;2,370;60;170,528;401,714,950;2,420;2,450;2,330;4,643,473;4,643,473
2024-04-26;2,430;40;74,682;176,999,020;2,490;2,490;2,330;4,761,029;4,761,029
2024-04-25;2,470;20;11,962;29,341,230;2,450;2,470;2,430;4,839,400;4,839,400
2024-04-24;2,450;30;17,789;42,874,270;2,430;2,450;2,400;4,800,214;4,800,214
2024-04-23;2,420;20;6,766;16,373,040;2,440;2,460;2,400;4,741,436;4,741,436
2024-04-22;2,440;10;23,823;57,767,000;2,420;2,460;2,400;4,780,622;4,780,622
2024-04-19;2,450;30;6,344;15,497,880;2,470;2,470;2,420;4,800,214;4,800,214
2024-04-18;2,480;0;2,917;7,183,200;2,480;2,480;2,450;4,858,993;4,858,993
2024-04-17;2,480;10;2,770;6,864,750;2,490;2,490;2,450;4,858,993;4,858,993
2024-04-12;2,490;0;792;1,977,320;2,460;2,490;2,460;4,878,585;4,878,585
2024-04-11;2,490;0;2,317;5,737,310;2,500;2,500;2,460;4,878,585;4,878,585
2024-04-10;2,490;10;5,593;13,814,110;2,500;2,500;2,440;4,878,585;4,878,585
2024-04-09;2,500;10;2,320;5,797,710;2,490;2,510;2,490;4,898,178;4,898,178
2024-04-08;2,490;10;8,048;20,013,390;2,480;2,500;2,460;4,878,585;4,878,585
2024-04-05;2,480;30;18,581;45,937,040;2,500;2,520;2,440;4,858,993;4,858,993
2024-04-04;2,510;10;9,177;22,983,730;2,530;2,530;2,500;4,917,771;4,917,771
2024-04-03;2,520;0;5,149;12,939,620;2,520;2,540;2,510;4,937,363;4,937,363
2024-04-02;2,520;20;6,418;16,147,230;2,510;2,540;2,510;4,937,363;4,937,363
2024-04-01;2,540;10;4,208;10,675,640;2,550;2,570;2,510;4,976,549;4,976,549
2024-03-29;2,550;10;51,396;130,267,540;2,570;2,570;2,530;4,996,142;4,996,142
2024-03-28;2,560;0;7,839;19,998,290;2,570;2,570;2,540;5,015,734;5,015,734
2024-03-27;2,560;10;8,769;22,366,740;2,560;2,570;2,540;5,015,734;5,015,734
2024-03-26;2,570;30;18,017;45,904,360;2,540;2,580;2,540;5,035,327;5,035,327
2024-03-25;2,540;20;6,966;17,747,880;2,560;2,560;2,540;4,976,549;4,976,549
2024-03-22;2,560;0;6,176;15,607,910;2,550;2,560;2,500;5,015,734;5,015,734
2024-03-21;2,560;0;4,574;11,699,420;2,560;2,580;2,550;5,015,734;5,015,734
2024-03-20;2,560;0;8,834;22,527,230;2,540;2,560;2,540;5,015,734;5,015,734
2024-03-19;2,560;0;2,562;6,561,040;2,560;2,580;2,550;5,015,734;5,015,734
2024-03-18;2,560;30;3,103;7,993,110;2,590;2,590;2,550;5,015,734;5,015,734
2024-03-15;2,590;10;395;1,022,650;2,600;2,600;2,580;5,074,512;5,074,512
2024-03-14;2,580;20;8,332;21,091,530;2,560;2,600;2,450;5,054,920;5,054,920
2024-03-13;2,600;0;7,966;20,478,960;2,590;2,600;2,550;5,094,105;5,094,105
2024-03-12;2,600;0;6,059;15,675,370;2,600;2,600;2,560;5,094,105;5,094,105
2024-03-11;2,600;10;12,087;31,301,250;2,590;2,600;2,560;5,094,105;5,094,105
2024-03-07;2,590;30;44,527;114,342,000;2,560;2,600;2,560;5,074,512;5,074,512
2024-03-06;2,560;10;13,473;34,342,340;2,550;2,560;2,540;5,015,734;5,015,734
2024-03-05;2,550;20;4,737;12,110,750;2,570;2,570;2,550;4,996,142;4,996,142
2024-03-04;2,570;10;4,232;10,838,330;2,560;2,580;2,560;5,035,327;5,035,327
2024-03-01;2,560;0;6,751;17,276,610;2,560;2,560;2,550;5,015,734;5,015,734
2024-02-29;2,560;0;458;1,173,470;2,580;2,580;2,550;5,015,734;5,015,734
2024-02-28;2,560;0;17,247;43,890,180;2,560;2,560;2,540;5,015,734;5,015,734
2024-02-27;2,560;10;6,016;15,331,050;2,540;2,560;2,540;5,015,734;5,015,734
2024-02-26;2,550;10;18,221;45,095,740;2,570;2,570;2,310;4,996,142;4,996,142
2024-02-23;2,560;0;4,277;10,963,800;2,560;2,570;2,550;5,015,734;5,015,734
2024-02-22;2,560;0;840;2,145,850;2,560;2,560;2,540;5,015,734;5,015,734
2024-02-21;2,560;0;11,511;29,360,040;2,570;2,570;2,540;5,015,734;5,015,734
2024-02-20;2,560;0;923;2,365,560;2,560;2,560;2,550;5,015,734;5,015,734
2024-02-19;2,560;20;2,030;5,199,620;2,540;2,570;2,540;5,015,734;5,015,734
2024-02-16;2,540;0;1,993;5,066,810;2,550;2,550;2,540;4,976,549;4,976,549
2024-02-15;2,540;0;7,964;20,287,660;2,570;2,570;2,540;4,976,549;4,976,549
2024-02-14;2,540;30;14,468;36,909,630;2,560;2,560;2,540;4,976,549;4,976,549
2024-02-13;2,570;10;15,565;39,541,070;2,570;2,570;2,530;5,035,327;5,035,327
2024-02-12;2,560;10;4,773;12,194,840;2,550;2,580;2,550;5,015,734;5,015,734
2024-02-09;2,570;10;3,739;9,626,060;2,590;2,590;2,550;5,035,327;5,035,327
2024-02-08;2,560;0;3,116;7,949,090;2,560;2,560;2,540;5,015,734;5,015,734
2024-02-07;2,560;10;7,173;18,304,510;2,570;2,570;2,550;5,015,734;5,015,734
2024-02-06;2,570;0;6,883;17,610,770;2,560;2,580;2,550;5,035,327;5,035,327
2024-02-05;2,570;0;8,060;20,696,770;2,570;2,590;2,560;5,035,327;5,035,327
2024-02-02;2,570;0;10,889;27,795,130;2,570;2,570;2,510;5,035,327;5,035,327
2024-02-01;2,570;10;7,617;19,600,320;2,600;2,600;2,570;5,035,327;5,035,327
2024-01-31;2,580;10;10,038;25,875,500;2,590;2,600;2,570;5,054,920;5,054,920
2024-01-30;2,590;20;13,884;35,821,450;2,570;2,620;2,560;5,074,512;5,074,512
2024-01-29;2,570;10;9,104;23,396,460;2,580;2,580;2,560;5,035,327;5,035,327
2024-01-26;2,580;0;881;2,270,870;2,580;2,590;2,570;5,054,920;5,054,920
2024-01-25;2,580;0;3,705;9,535,890;2,590;2,590;2,570;5,054,920;5,054,920
2024-01-24;2,580;10;18,109;46,610,710;2,580;2,590;2,570;5,054,920;5,054,920
2024-01-23;2,570;10;10,949;28,236,090;2,580;2,590;2,570;5,035,327;5,035,327
2024-01-22;2,580;10;4,836;12,475,910;2,560;2,590;2,550;5,054,920;5,054,920
2024-01-19;2,570;10;3,004;7,718,130;2,560;2,570;2,560;5,035,327;5,035,327
2024-01-18;2,560;10;16,139;41,360,960;2,570;2,590;2,550;5,015,734;5,015,734
2024-01-17;2,570;40;35,064;90,718,980;2,570;2,600;2,570;5,035,327;5,035,327
2024-01-16;2,610;20;20,670;54,005,100;2,620;2,620;2,600;5,113,698;5,113,698
2024-01-15;2,630;10;14,198;37,407,870;2,640;2,650;2,620;5,152,883;5,152,883
2024-01-12;2,640;30;43,223;113,380,100;2,620;2,650;2,610;5,172,476;5,172,476
2024-01-11;2,610;0;5,080;13,199,750;2,620;2,620;2,590;5,113,698;5,113,698
2024-01-10;2,610;0;11,055;28,789,930;2,610;2,620;2,600;5,113,698;5,113,698
2024-01-09;2,610;0;2,523;6,566,220;2,610;2,610;2,600;5,113,698;5,113,698
2024-01-08;2,610;10;2,366;6,159,830;2,640;2,640;2,600;5,113,698;5,113,698
2024-01-05;2,600;30;14,275;37,327,410;2,640;2,650;2,600;5,094,105;5,094,105
2024-01-04;2,630;20;6,520;17,055,080;2,610;2,630;2,600;5,152,883;5,152,883
2024-01-03;2,610;20;10,104;26,232,830;2,620;2,630;2,550;5,113,698;5,113,698
2024-01-02;2,630;0;13,685;36,059,680;2,630;2,650;2,630;5,152,883;5,152,883
2023-12-29;2,630;0;20,112;52,965,420;2,610;2,650;2,610;5,152,883;5,152,883
2023-12-28;2,630;40;31,151;81,138,020;2,570;2,640;2,570;5,152,883;5,152,883
2023-12-27;2,590;40;11,431;29,744,340;2,630;2,630;2,580;5,074,512;5,074,512
2023-12-26;2,630;20;11,501;30,113,150;2,640;2,640;2,600;5,152,883;5,152,883
2023-12-25;2,650;20;40,921;108,634,140;2,690;2,690;2,620;5,192,069;5,192,069
2023-12-22;2,670;30;49,530;131,669,910;2,630;2,720;2,610;5,231,254;5,231,254
2023-12-21;2,640;0;13,433;35,322,830;2,640;2,650;2,620;5,172,476;5,172,476
2023-12-20;2,640;20;58,218;152,848,420;2,630;2,650;2,610;5,172,476;5,172,476
2023-12-19;2,620;20;11,288;29,516,670;2,600;2,630;2,600;5,133,291;5,133,291
2023-12-18;2,600;30;19,817;51,395,940;2,580;2,610;2,580;5,094,105;5,094,105
2023-12-15;2,570;60;34,178;87,356,070;2,520;2,690;2,500;5,035,327;5,035,327
2023-12-14;2,510;10;14,583;36,527,630;2,500;2,520;2,490;4,917,771;4,917,771
2023-12-13;2,500;0;7,472;18,577,930;2,500;2,500;2,480;4,898,178;4,898,178
2023-12-12;2,500;10;24,049;59,881,100;2,490;2,500;2,480;4,898,178;4,898,178
2023-12-11;2,490;20;16,180;39,880,350;2,470;2,490;2,450;4,878,585;4,878,585
2023-12-08;2,470;10;8,326;20,488,580;2,450;2,490;2,450;4,839,400;4,839,400
2023-12-07;2,460;10;4,553;11,180,960;2,460;2,460;2,440;4,819,807;4,819,807
2023-12-06;2,470;20;9,511;23,419,180;2,500;2,500;2,450;4,839,400;4,839,400
2023-12-05;2,490;20;7,669;19,144,130;2,520;2,520;2,470;4,878,585;4,878,585
2023-12-04;2,510;80;35,748;88,933,140;2,440;2,520;2,440;4,917,771;4,917,771
2023-12-01;2,430;40;18,901;45,551,920;2,390;2,450;2,390;4,761,029;4,761,029
2023-11-30;2,390;10;2,035;4,847,170;2,380;2,390;2,370;4,682,658;4,682,658
2023-11-29;2,380;0;3,816;9,031,060;2,370;2,380;2,360;4,663,065;4,663,065
2023-11-24;2,380;10;2,456;5,860,350;2,380;2,400;2,370;4,663,065;4,663,065
2023-11-23;2,370;10;12,277;28,966,520;2,350;2,370;2,350;4,643,473;4,643,473
2023-11-22;2,360;0;2,227;5,239,670;2,360;2,360;2,350;4,623,880;4,623,880
2023-11-21;2,360;0;10,739;25,218,230;2,360;2,360;2,340;4,623,880;4,623,880
2023-11-20;2,360;0;12,471;29,321,760;2,360;2,360;2,340;4,623,880;4,623,880
2023-11-17;2,360;0;13,011;30,700,240;2,350;2,370;2,350;4,623,880;4,623,880
2023-11-16;2,360;20;12,423;29,226,720;2,340;2,370;2,340;4,623,880;4,623,880
2023-11-15;2,340;10;10,866;25,407,880;2,350;2,350;2,330;4,584,695;4,584,695
2023-11-14;2,350;0;7,637;17,879,970;2,350;2,350;2,330;4,604,287;4,604,287
2023-11-13;2,350;0;3,266;7,660,690;2,350;2,350;2,340;4,604,287;4,604,287
2023-11-10;2,350;10;13,854;32,509,730;2,340;2,350;2,340;4,604,287;4,604,287
2023-11-08;2,340;10;14,480;33,535,590;2,330;2,340;2,310;4,584,695;4,584,695
2023-11-07;2,330;0;8,373;19,454,670;2,330;2,340;2,310;4,565,102;4,565,102
2023-11-06;2,330;0;8,647;20,063,480;2,320;2,330;2,310;4,565,102;4,565,102
2023-11-03;2,330;10;4,598;10,642,910;2,320;2,330;2,300;4,565,102;4,565,102
2023-11-02;2,320;0;5,116;11,857,020;2,320;2,330;2,310;4,545,509;4,545,509
2023-11-01;2,320;0;13,403;30,957,280;2,300;2,330;2,300;4,545,509;4,545,509
2023-10-31;2,320;0;5,342;12,322,050;2,310;2,320;2,300;4,545,509;4,545,509
2023-10-30;2,320;0;11,930;27,425,190;2,320;2,320;2,290;4,545,509;4,545,509
2023-10-27;2,320;20;21,567;49,254,240;2,310;2,330;2,260;4,545,509;4,545,509
2023-10-26;2,300;80;24,558;56,742,970;2,380;2,380;2,290;4,506,324;4,506,324
2023-10-25;2,380;40;28,661;67,304,150;2,390;2,400;2,280;4,663,065;4,663,065
2023-10-24;2,420;0;18,657;44,966,650;2,420;2,430;2,400;4,741,436;4,741,436
2023-10-23;2,420;0;8,842;21,384,550;2,420;2,490;2,410;4,741,436;4,741,436
2023-10-20;2,420;10;5,066;12,257,830;2,410;2,430;2,410;4,741,436;4,741,436
2023-10-19;2,410;20;6,694;16,203,170;2,430;2,430;2,410;4,721,844;4,721,844
2023-10-18;2,430;0;1,642;3,981,930;2,430;2,430;2,420;4,761,029;4,761,029
2023-10-17;2,430;0;5,322;12,946,980;2,440;2,440;2,420;4,761,029;4,761,029
2023-10-16;2,430;20;1,441;3,504,060;2,440;2,440;2,420;4,761,029;4,761,029
2023-10-12;2,450;40;7,189;17,523,680;2,410;2,450;2,410;4,800,214;4,800,214
2023-10-11;2,410;20;9,850;23,790,280;2,390;2,450;2,390;4,721,844;4,721,844
2023-10-10;2,390;0;11,706;27,956,630;2,380;2,400;2,380;4,682,658;4,682,658
2023-10-09;2,390;30;16,821;40,509,740;2,420;2,430;2,390;4,682,658;4,682,658
2023-10-06;2,420;10;2,964;7,184,040;2,430;2,430;2,410;4,741,436;4,741,436
2023-10-05;2,430;10;12,338;29,954,400;2,410;2,440;2,410;4,761,029;4,761,029
2023-10-04;2,420;10;11,900;28,715,870;2,410;2,430;2,410;4,741,436;4,741,436
2023-10-03;2,410;10;11,055;26,568,580;2,420;2,420;2,390;4,721,844;4,721,844
2023-10-02;2,420;20;4,754;11,526,290;2,420;2,440;2,410;4,741,436;4,741,436
2023-09-29;2,440;10;3,743;9,127,690;2,450;2,450;2,430;4,780,622;4,780,622
2023-09-28;2,450;10;15,231;36,532,430;2,390;2,450;2,390;4,800,214;4,800,214
2023-09-27;2,460;0;5,010;12,287,240;2,490;2,490;2,440;4,819,807;4,819,807
2023-09-26;2,460;40;12,405;30,671,000;2,490;2,500;2,460;4,819,807;4,819,807
2023-09-25;2,500;0;7,918;19,689,480;2,500;2,500;2,470;4,898,178;4,898,178
2023-09-22;2,500;20;2,269;5,668,750;2,500;2,500;2,480;4,898,178;4,898,178
2023-09-21;2,480;20;4,910;12,229,220;2,510;2,510;2,480;4,858,993;4,858,993
2023-09-20;2,500;10;7,642;19,115,370;2,510;2,520;2,490;4,898,178;4,898,178
2023-09-19;2,510;10;10,457;26,187,530;2,500;2,520;2,490;4,917,771;4,917,771
2023-09-18;2,500;0;4,750;11,851,730;2,510;2,510;2,480;4,898,178;4,898,178
2023-09-15;2,500;0;6,045;15,096,180;2,500;2,500;2,490;4,898,178;4,898,178
2023-09-14;2,500;0;13,070;32,515,590;2,500;2,500;2,480;4,898,178;4,898,178
2023-09-13;2,500;10;15,956;39,840,170;2,490;2,530;2,480;4,898,178;4,898,178
2023-09-12;2,490;10;21,206;52,953,890;2,500;2,560;2,470;4,878,585;4,878,585
2023-09-11;2,480;80;39,762;98,339,800;2,400;2,550;2,400;4,858,993;4,858,993
2023-09-08;2,400;40;57,141;136,360,120;2,430;2,430;2,360;4,702,251;4,702,251
2023-09-07;2,440;50;74,697;180,475,490;2,490;2,490;2,390;4,780,622;4,780,622
2023-09-06;2,490;20;14,631;36,528,750;2,520;2,520;2,480;4,878,585;4,878,585
2023-09-05;2,510;90;43,858;111,061,770;2,600;2,600;2,420;4,917,771;4,917,771
2023-09-04;2,600;20;7,259;18,962,880;2,620;2,640;2,590;5,094,105;5,094,105
2023-09-01;2,620;20;43,436;112,039,550;2,510;2,640;2,510;5,133,291;5,133,291
2023-08-31;2,640;0;3,592;9,489,270;2,640;2,650;2,640;5,172,476;5,172,476
2023-08-30;2,640;10;15,619;41,256,090;2,640;2,650;2,630;5,172,476;5,172,476
2023-08-29;2,630;20;17,452;45,954,880;2,650;2,660;2,620;5,152,883;5,152,883
2023-08-28;2,650;80;38,998;104,203,550;2,730;2,730;2,650;5,192,069;5,192,069
2023-08-25;2,730;20;8,492;23,307,070;2,750;2,770;2,730;5,348,810;5,348,810
2023-08-24;2,750;20;12,272;33,704,880;2,760;2,760;2,740;5,387,996;5,387,996
2023-08-23;2,770;10;11,547;31,821,130;2,790;2,790;2,740;5,427,181;5,427,181
2023-08-22;2,780;10;23,358;64,515,350;2,800;2,800;2,750;5,446,774;5,446,774
2023-08-21;2,790;0;29,720;82,370,620;2,810;2,810;2,770;5,466,367;5,466,367
2023-08-18;2,790;0;4,804;13,401,810;2,800;2,810;2,780;5,466,367;5,466,367
2023-08-17;2,790;10;37,528;104,171,510;2,780;2,800;2,770;5,466,367;5,466,367
2023-08-16;2,780;50;92,782;258,302,590;2,830;2,830;2,770;5,446,774;5,446,774
2023-08-15;2,830;40;66,149;185,573,220;2,870;2,870;2,790;5,544,738;5,544,738
2023-08-14;2,870;80;110,014;308,952,920;2,790;2,870;2,780;5,623,108;5,623,108
2023-08-11;2,790;20;19,058;53,122,520;2,810;2,810;2,780;5,466,367;5,466,367
2023-08-10;2,810;10;15,955;44,578,490;2,800;2,820;2,780;5,505,552;5,505,552
2023-08-09;2,820;10;19,733;55,560,340;2,830;2,830;2,800;5,525,145;5,525,145
2023-08-08;2,830;10;47,858;134,953,290;2,820;2,830;2,800;5,544,738;5,544,738
2023-08-07;2,820;10;60,016;168,482,150;2,830;2,830;2,780;5,525,145;5,525,145
2023-08-04;2,830;0;9,980;28,117,250;2,830;2,840;2,800;5,544,738;5,544,738
2023-08-03;2,830;10;8,390;23,716,390;2,820;2,850;2,820;5,544,738;5,544,738
2023-08-02;2,820;60;89,985;255,464,990;2,880;2,880;2,820;5,525,145;5,525,145
2023-08-01;2,880;20;38,556;110,770,730;2,860;2,900;2,840;5,642,701;5,642,701
2023-07-31;2,860;10;15,459;44,166,140;2,880;2,880;2,850;5,603,516;5,603,516
2023-07-28;2,870;10;94,196;268,895,510;2,900;2,900;2,840;5,623,108;5,623,108
2023-07-27;2,880;30;114,011;326,322,060;2,910;2,910;2,850;5,642,701;5,642,701
2023-07-26;2,910;30;91,944;267,046,550;2,850;2,940;2,850;5,701,479;5,701,479
2023-07-25;2,880;40;132,235;376,844,980;2,920;2,950;2,800;5,642,701;5,642,701
2023-07-21;2,920;0;27,859;81,253,880;2,930;2,970;2,860;5,721,072;5,721,072
2023-07-20;2,920;180;160,955;462,987,090;2,770;2,980;2,700;5,721,072;5,721,072
2023-07-19;2,740;160;124,708;344,072,300;2,900;2,900;2,690;5,368,403;5,368,403
2023-07-18;2,900;90;152,024;444,749,790;2,990;2,990;2,900;5,681,886;5,681,886
2023-07-17;2,990;20;103,360;310,397,100;3,010;3,060;2,980;5,858,221;5,858,221
2023-07-14;3,010;10;138,577;419,312,860;3,020;3,110;2,940;5,897,406;5,897,406
2023-07-13;3,000;270;456,715;1,363,680,540;2,950;3,240;2,950;5,877,814;5,877,814
2023-07-12;3,270;360;157,346;514,521,420;3,270;3,270;3,270;6,406,817;6,406,817
2023-07-11;3,630;330;54,232;196,862,160;3,630;3,630;3,630;7,112,154;7,112,154
2023-07-10;3,300;300;111,724;368,689,200;3,300;3,300;3,300;6,465,595;6,465,595
2023-07-07;3,000;270;482,019;1,443,688,910;2,980;3,000;2,950;5,877,814;5,877,814
2023-07-06;2,730;240;404,679;1,081,497,420;2,540;2,730;2,500;5,348,810;5,348,810
2023-07-05;2,490;60;131,662;326,117,260;2,430;2,540;2,430;4,878,585;4,878,585
2023-07-04;2,430;20;108,924;264,744,850;2,430;2,440;2,410;4,761,029;4,761,029
2023-07-03;2,410;10;61,078;147,728,870;2,400;2,440;2,400;4,721,844;4,721,844
2023-06-30;2,400;70;297,528;704,541,820;2,340;2,410;2,310;4,702,251;4,702,251
2023-06-29;2,330;30;48,564;112,422,680;2,320;2,330;2,300;4,565,102;4,565,102
2023-06-28;2,300;60;90,187;209,600,090;2,370;2,370;2,300;4,506,324;4,506,324
2023-06-27;2,360;80;481,559;1,127,039,760;2,280;2,400;2,270;4,623,880;4,623,880
