Date;Closing Price;Change;Trading Volume (shr);Trading Value (KHR);Opening;High;Low;Market Cap. (Mil.KHR);Full Market Cap. (Mil.KHR)
2025-09-19;2,030;0;297;602,700;2,030;2,030;2,010;13,117;37,477
2025-09-18;2,030;0;3,643;7,411,680;2,030;2,040;2,020;13,117;37,477
2025-09-17;2,030;10;733;1,480,940;2,020;2,030;2,020;13,117;37,477
2025-09-16;2,020;30;203;410,570;2,050;2,050;2,010;13,052;37,292
2025-09-15;2,050;30;1,081;2,194,440;2,020;2,090;2,020;13,246;37,846
2025-09-12;2,020;10;217;440,210;2,030;2,030;2,020;13,052;37,292
2025-09-11;2,030;0;84;169,590;2,030;2,030;2,010;13,117;37,477
2025-09-10;2,030;10;197;400,270;2,040;2,040;2,020;13,117;37,477
2025-09-09;2,040;0;382;776,280;2,040;2,040;2,010;13,182;37,662
2025-09-08;2,040;0;68;138,620;2,040;2,040;2,030;13,182;37,662
2025-09-05;2,040;10;70;142,200;2,040;2,040;2,030;13,182;37,662
2025-09-04;2,030;10;2,272;4,570,920;2,040;2,040;2,010;13,117;37,477
2025-09-03;2,040;10;177;359,920;2,030;2,040;2,030;13,182;37,662
2025-09-02;2,030;10;165;335,220;2,040;2,040;2,030;13,117;37,477
2025-09-01;2,040;0;125;255,000;2,040;2,040;2,040;13,182;37,662
2025-08-29;2,040;10;371;804,840;2,040;2,040;2,040;13,182;37,662
2025-08-28;2,030;20;4,149;8,422,830;2,040;2,040;2,030;13,117;37,477
2025-08-27;2,050;10;1,182;2,409,130;2,040;2,050;2,000;13,246;37,846
2025-08-26;2,040;20;434;882,060;2,020;2,040;2,020;13,182;37,662
2025-08-25;2,020;10;153;309,150;2,030;2,030;2,020;13,052;37,292
2025-08-22;2,030;20;43;87,140;2,030;2,030;2,020;13,117;37,477
2025-08-21;2,010;10;3,550;7,135,280;2,030;2,030;2,000;12,988;37,108
2025-08-20;2,020;20;625;1,256,500;2,020;2,020;2,010;13,052;37,292
2025-08-19;2,000;0;535;1,069,890;2,000;2,000;1,990;12,923;36,923
2025-08-18;2,000;20;335;672,770;2,010;2,010;2,000;12,923;36,923
2025-08-15;2,020;20;1,475;2,964,830;2,000;2,020;2,000;13,052;37,292
2025-08-14;2,000;10;741;1,477,810;1,990;2,000;1,990;12,923;36,923
2025-08-13;1,990;10;251;501,300;2,000;2,000;1,990;12,858;36,738
2025-08-12;2,000;10;761;1,517,950;2,000;2,000;1,990;12,923;36,923
2025-08-11;2,010;0;1,307;2,610,050;2,010;2,010;1,990;12,988;37,108
2025-08-08;2,010;10;9;18,090;2,010;2,010;2,010;12,988;37,108
2025-08-07;2,000;0;205;409,880;2,000;2,000;1,990;12,923;36,923
2025-08-06;2,000;10;5,806;11,356,320;2,010;2,010;1,870;12,923;36,923
2025-08-05;2,010;0;2,135;4,296,120;2,010;2,020;2,010;12,988;37,108
2025-08-04;2,010;0;4,988;9,987,130;2,010;2,010;1,990;12,988;37,108
2025-08-01;2,010;0;578;1,158,920;2,000;2,010;2,000;12,988;37,108
2025-07-31;2,010;0;2,286;4,578,260;2,010;2,010;2,000;12,988;37,108
2025-07-30;2,010;0;2,180;4,354,760;2,010;2,010;1,990;12,988;37,108
2025-07-29;2,010;0;423;850,230;2,010;2,010;2,010;12,988;37,108
2025-07-28;2,010;0;929;1,867,290;2,010;2,010;2,010;12,988;37,108
2025-07-25;2,010;10;308;619,750;2,020;2,020;2,010;12,988;37,108
2025-07-24;2,020;0;2,161;4,350,230;2,020;2,020;2,000;13,052;37,292
2025-07-23;2,020;0;1,025;2,064,030;2,020;2,020;2,010;13,052;37,292
2025-07-22;2,020;0;737;1,488,740;2,020;2,020;2,020;13,052;37,292
2025-07-21;2,020;0;965;1,949,150;2,020;2,020;2,010;13,052;37,292
2025-07-18;2,020;10;870;1,757,450;2,030;2,030;2,020;13,052;37,292
2025-07-17;2,030;0;236;477,040;2,030;2,030;2,020;13,117;37,477
2025-07-16;2,030;0;753;1,521,180;2,030;2,030;2,010;13,117;37,477
2025-07-15;2,030;0;2,169;4,385,290;2,030;2,030;2,020;13,117;37,477
2025-07-14;2,030;0;184;373,460;2,030;2,030;2,020;13,117;37,477
2025-07-11;2,030;0;370;747,770;2,030;2,030;2,010;13,117;37,477
2025-07-10;2,030;10;3,017;6,102,370;2,030;2,040;2,010;13,117;37,477
2025-07-09;2,040;0;715;1,451,450;2,030;2,040;2,020;13,182;37,662
2025-07-08;2,040;0;293;596,220;2,040;2,040;2,030;13,182;37,662
2025-07-07;2,040;0;1,314;2,661,240;2,030;2,040;2,020;13,182;37,662
2025-07-04;2,040;10;799;1,621,470;2,030;2,040;2,020;13,182;37,662
2025-07-03;2,030;10;869;1,761,070;2,030;2,030;2,020;13,117;37,477
2025-07-02;2,020;20;1,474;2,996,700;2,040;2,040;2,020;13,052;37,292
2025-07-01;2,040;10;2,978;6,070,780;2,040;2,040;2,030;13,182;37,662
2025-06-30;2,050;0;568;1,157,200;2,050;2,050;2,030;13,246;37,846
2025-06-27;2,050;0;2,382;4,861,730;2,040;2,050;2,030;13,246;37,846
2025-06-26;2,050;10;1,413;2,883,320;2,040;2,050;2,040;13,246;37,846
2025-06-25;2,040;20;1,690;3,452,480;2,050;2,050;2,040;13,182;37,662
2025-06-24;2,060;10;1,939;3,976,090;2,050;2,060;2,050;13,311;38,031
2025-06-23;2,050;10;1,742;3,579,050;2,060;2,070;2,050;13,246;37,846
2025-06-20;2,060;20;293;598,410;2,090;2,090;2,040;13,311;38,031
2025-06-19;2,040;10;1,336;2,728,080;2,050;2,050;2,040;13,182;37,662
2025-06-17;2,050;10;1,316;2,680,670;2,040;2,050;2,030;13,246;37,846
2025-06-16;2,040;10;1,439;2,942,990;2,050;2,050;2,040;13,182;37,662
2025-06-13;2,050;0;528;1,081,100;2,050;2,050;2,040;13,246;37,846
2025-06-12;2,050;10;6,908;14,088,600;2,040;2,060;2,020;13,246;37,846
2025-06-11;2,040;80;7,649;15,594,310;2,040;2,050;2,020;13,182;37,662
2025-06-10;2,120;20;7,570;16,260,040;2,140;2,170;2,120;13,698;39,138
2025-06-09;2,140;20;4,225;9,112,900;2,160;2,170;2,140;13,828;39,508
2025-06-06;2,160;0;4,776;10,280,270;2,150;2,170;2,140;13,957;39,877
2025-06-05;2,160;0;1,266;2,727,170;2,160;2,160;2,150;13,957;39,877
2025-06-04;2,160;10;485;1,047,960;2,170;2,170;2,150;13,957;39,877
2025-06-03;2,170;10;6,025;12,992,940;2,160;2,170;2,150;14,022;40,062
2025-06-02;2,160;10;2,188;4,730,350;2,170;2,170;2,160;13,957;39,877
2025-05-30;2,170;10;989;2,140,180;2,180;2,180;2,160;14,022;40,062
2025-05-29;2,160;20;7,466;16,064,550;2,140;2,170;2,120;13,957;39,877
2025-05-28;2,140;0;1,043;2,221,760;2,130;2,140;2,130;13,828;39,508
2025-05-27;2,140;0;2,853;6,072,970;2,140;2,140;2,100;13,828;39,508
2025-05-26;2,140;40;1,533;3,220,070;2,180;2,180;2,100;13,828;39,508
2025-05-23;2,100;10;1,789;3,775,630;2,110;2,110;2,090;13,569;38,769
2025-05-22;2,110;0;2,316;4,844,130;2,100;2,110;2,090;13,634;38,954
2025-05-21;2,110;0;988;2,076,270;2,110;2,110;2,100;13,634;38,954
2025-05-20;2,110;0;427;893,010;2,140;2,140;2,090;13,634;38,954
2025-05-19;2,110;0;3,408;7,154,430;2,110;2,110;2,090;13,634;38,954
2025-05-16;2,110;10;10,695;22,387,650;2,100;2,130;2,070;13,634;38,954
2025-05-13;2,100;10;2,852;5,972,490;2,090;2,100;2,090;13,569;38,769
2025-05-12;2,090;0;1,850;3,868,950;2,090;2,110;2,090;13,505;38,585
2025-05-09;2,090;10;2,434;5,089,250;2,090;2,100;2,090;13,505;38,585
2025-05-08;2,100;10;809;1,698,840;2,110;2,110;2,090;13,569;38,769
2025-05-07;2,090;10;1,917;3,993,100;2,100;2,100;2,080;13,505;38,585
2025-05-06;2,100;0;921;1,927,760;2,110;2,110;2,090;13,569;38,769
2025-05-05;2,100;10;4,922;10,239,010;2,080;2,110;2,080;13,569;38,769
2025-05-02;2,090;10;1,973;4,130,890;2,100;2,100;2,080;13,505;38,585
2025-04-30;2,100;0;264;554,490;2,120;2,120;2,100;13,569;38,769
2025-04-29;2,100;0;321;673,500;2,100;2,100;2,090;13,569;38,769
2025-04-28;2,100;0;253;530,250;2,100;2,110;2,090;13,569;38,769
2025-04-25;2,100;0;766;1,597,740;2,090;2,100;2,080;13,569;38,769
2025-04-24;2,100;0;1,643;3,433,730;2,100;2,120;2,070;13,569;38,769
2025-04-23;2,100;0;976;2,035,270;2,090;2,100;2,080;13,569;38,769
2025-04-22;2,100;0;3,026;6,321,620;2,100;2,100;2,080;13,569;38,769
2025-04-21;2,100;10;1,607;3,343,020;2,090;2,100;2,070;13,569;38,769
2025-04-18;2,090;10;1,066;2,227,970;2,100;2,100;2,090;13,505;38,585
2025-04-17;2,100;10;460;964,320;2,090;2,100;2,080;13,569;38,769
2025-04-11;2,090;10;954;1,994,900;2,090;2,100;2,090;13,505;38,585
2025-04-10;2,100;10;368;769,610;2,090;2,100;2,090;13,569;38,769
2025-04-09;2,090;10;1,703;3,512,400;2,090;2,090;2,060;13,505;38,585
2025-04-08;2,080;10;626;1,298,340;2,080;2,080;2,060;13,440;38,400
2025-04-07;2,090;10;144;300,190;2,100;2,100;2,080;13,505;38,585
2025-04-04;2,100;10;1,658;3,462,770;2,090;2,100;2,080;13,569;38,769
2025-04-03;2,090;0;256;517,390;2,090;2,090;1,970;13,505;38,585
2025-04-02;2,090;10;712;1,484,810;2,080;2,090;2,080;13,505;38,585
2025-04-01;2,080;10;412;863,080;2,090;2,100;2,080;13,440;38,400
2025-03-31;2,090;10;826;1,731,130;2,110;2,110;2,080;13,505;38,585
2025-03-28;2,100;0;1,089;2,284,230;2,100;2,100;2,090;13,569;38,769
2025-03-27;2,100;0;292;610,050;2,110;2,110;2,080;13,569;38,769
2025-03-26;2,100;0;21;44,280;2,120;2,120;2,100;13,569;38,769
2025-03-25;2,100;0;1,294;2,712,330;2,090;2,110;2,070;13,569;38,769
2025-03-24;2,100;10;363;761,460;2,120;2,120;2,080;13,569;38,769
2025-03-21;2,110;20;525;1,097,850;2,090;2,110;2,090;13,634;38,954
2025-03-20;2,090;10;791;1,649,570;2,100;2,100;2,080;13,505;38,585
2025-03-19;2,100;10;1,525;3,204,550;2,100;2,110;2,090;13,569;38,769
2025-03-18;2,110;10;1,202;2,522,210;2,100;2,110;2,080;13,634;38,954
2025-03-17;2,100;0;1,586;3,313,450;2,100;2,100;2,080;13,569;38,769
2025-03-14;2,100;0;59;123,750;2,100;2,100;2,090;13,569;38,769
2025-03-13;2,100;0;846;1,764,780;2,080;2,100;2,080;13,569;38,769
2025-03-12;2,100;0;854;1,781,060;2,100;2,110;2,080;13,569;38,769
2025-03-11;2,100;10;70;147,250;2,110;2,110;2,100;13,569;38,769
2025-03-10;2,110;0;316;665,560;2,110;2,110;2,100;13,634;38,954
2025-03-07;2,110;10;1,153;2,432,950;2,110;2,120;2,100;13,634;38,954
2025-03-06;2,100;0;4,499;9,484,790;2,100;2,120;2,090;13,569;38,769
2025-03-05;2,100;0;447;935,650;2,110;2,110;2,090;13,569;38,769
2025-03-04;2,100;0;1,596;3,373,480;2,130;2,130;2,090;13,569;38,769
2025-03-03;2,100;10;2,521;5,341,540;2,150;2,150;2,060;13,569;38,769
2025-02-28;2,090;0;226;471,440;2,090;2,100;2,070;13,505;38,585
2025-02-27;2,090;10;961;2,003,040;2,090;2,090;2,070;13,505;38,585
2025-02-26;2,100;0;555;1,161,070;2,090;2,100;2,090;13,569;38,769
2025-02-25;2,100;10;3,405;7,074,960;2,090;2,100;2,050;13,569;38,769
2025-02-24;2,090;30;1,005;2,108,810;2,100;2,100;2,090;13,505;38,585
2025-02-21;2,060;20;312;650,170;2,080;2,100;2,060;13,311;38,031
2025-02-20;2,080;20;50;103,620;2,100;2,100;2,070;13,440;38,400
2025-02-19;2,060;10;565;1,168,810;2,070;2,090;2,060;13,311;38,031
2025-02-18;2,070;0;1,887;3,917,410;2,070;2,090;2,050;13,375;38,215
2025-02-17;2,070;30;2,490;5,188,290;2,110;2,110;2,060;13,375;38,215
2025-02-14;2,100;20;4,655;9,755,630;2,080;2,140;2,080;13,569;38,769
2025-02-13;2,080;20;3,400,276;6,902,571,470;2,090;2,090;2,060;13,440;38,400
2025-02-12;2,060;20;902;1,864,990;2,080;2,080;2,060;13,311;38,031
2025-02-11;2,080;0;435;896,440;2,090;2,090;2,040;13,440;38,400
2025-02-10;2080.0;10.0;255.0;526270.0;2070.0;2090.0;2060.0;13439;38399
2025-02-07;2,070;0;638;1,319,640;2,060;2,080;2,060;13,375;38,215
2025-02-06;2,070;20;2,935;6,076,100;2,050;2,090;2,050;13,375;38,215
2025-02-05;2,050;10;187;383,360;2,060;2,060;2,050;13,246;37,846
2025-02-04;2,060;10;416;846,350;2,050;2,060;2,030;13,311;38,031
2025-02-03;2050.0;0.0;179.0;366930.0;2050.0;2050.0;2030.0;13246;37846
2025-01-31;2,050;0;512;1,046,490;2,040;2,050;2,040;13,246;37,846
2025-01-30;2,050;0;878;1,795,190;2,040;2,050;2,040;13,246;37,846
2025-01-29;2,050;10;6,841;13,806,560;2,040;2,080;2,010;13,246;37,846
2025-01-28;2060.0;0.0;175.0;360480.0;2060.0;2060.0;2050.0;13311;38031
2025-01-27;2,060;0;158;325,480;2,060;2,060;2,060;13,311;38,031
2025-01-24;2,060;0;137;281,170;2,060;2,060;2,050;13,311;38,031
2025-01-23;2060.0;10.0;174.0;357940.0;2060.0;2060.0;2050.0;13310;38030
2025-01-22;2050.0;0.0;4363.0;8966220.0;2050.0;2070.0;2050.0;13246;37846
2025-01-21;2050.0;10.0;3700.0;7444640.0;2010.0;2050.0;2010.0;13246;37846
2025-01-20;2060.0;20.0;6214.0;12662600.0;2020.0;2060.0;2020.0;13311;38031
2025-01-17;2,040;10;3,662;7,449,440;2,050;2,050;2,030;13,182;37,662
2025-01-16;2,050;0;46;94,300;2,050;2,050;2,050;13,246;37,846
2025-01-15;2,050;10;553;1,133,650;2,050;2,050;2,050;13,246;37,846
2025-01-14;2,040;10;501;1,021,530;2,030;2,040;2,030;13,182;37,662
2025-01-13;2030.0;10.0;719.0;1470880.0;2030.0;2060.0;2030.0;13117;37477
2025-01-10;2,040;10;3,719;7,533,920;2,030;2,050;2,010;13,182;37,662
2025-01-09;2,030;10;1,020;2,071,460;2,040;2,050;2,030;13,117;37,477
2025-01-08;2040.0;10.0;396.0;810490.0;2030.0;2050.0;2030.0;13181.615763546799;37661.615763546804
2025-01-06;2,030;0;1,134;2,315,910;2,050;2,060;2,030;13,117;37,477
2025-01-03;2,030;0;584;1,196,820;2,050;2,050;2,030;13,117;37,477
2025-01-02;2,030;30;5,096;10,448,390;2,050;2,060;2,030;13,117;37,477
2024-12-31;2,060;20;4,808;9,813,490;2,040;2,060;2,030;13,311;38,031
2024-12-30;2,040;10;1,062;2,155,740;2,030;2,040;2,020;13,182;37,662
2024-12-27;2,030;0;1,392;2,838,640;2,030;2,030;2,020;13,117;37,477
2024-12-26;2,030;0;366;742,200;2,030;2,030;2,020;13,117;37,477
2024-12-25;2,030;10;459;930,220;2,020;2,030;2,020;13,117;37,477
2024-12-24;2,020;10;127;257,860;2,020;2,030;2,020;13,052;37,292
2024-12-23;2,030;0;2,316;4,702,920;2,030;2,040;2,030;13,117;37,477
2024-12-20;2,030;10;6,192;12,395,470;2,040;2,040;1,990;13,117;37,477
2024-12-19;2,040;0;490;996,680;2,040;2,040;2,030;13,182;37,662
2024-12-18;2,040;10;390;789,000;2,020;2,040;2,020;13,182;37,662
2024-12-17;2,030;0;1,161;2,356,380;2,030;2,030;2,020;13,117;37,477
2024-12-16;2,030;0;498;1,025,850;2,020;2,040;2,020;13,117;37,477
2024-12-13;2,030;20;1,506;3,043,700;2,020;2,040;2,020;13,117;37,477
2024-12-12;2,010;30;687;1,388,540;2,040;2,040;2,010;12,988;37,108
2024-12-11;2,040;10;6,595;13,428,800;2,030;2,040;2,010;13,182;37,662
2024-12-10;2,030;10;7,102;14,210,240;2,040;2,040;2,000;13,117;37,477
2024-12-09;2,040;0;8,567;17,202,360;2,040;2,040;2,000;13,182;37,662
2024-12-06;2,040;10;11,490;23,177,780;2,030;2,050;2,000;13,182;37,662
2024-12-05;2,030;10;11,741;23,895,290;2,020;2,040;2,000;13,117;37,477
2024-12-04;2,020;0;6,772;13,565,770;2,020;2,030;2,000;13,052;37,292
2024-12-03;2,020;10;333;675,280;2,030;2,040;2,020;13,052;37,292
2024-12-02;2,030;10;1,133;2,299,990;2,030;2,030;2,030;13,117;37,477
2024-11-29;2,020;10;11,280;22,857,320;2,020;2,040;2,010;13,052;37,292
2024-11-28;2,030;10;8,293;16,684,660;2,040;2,040;2,000;13,117;37,477
2024-11-27;2,040;10;8,094;16,352,700;2,040;2,050;2,000;13,182;37,662
2024-11-26;2,030;10;694;1,402,410;2,040;2,040;2,010;13,117;37,477
2024-11-25;2,040;20;13,203;26,695,230;2,030;2,040;2,000;13,182;37,662
2024-11-22;2,020;0;14,496;28,858,620;2,020;2,040;1,980;13,052;37,292
2024-11-21;2,020;20;11,989;24,055,060;2,010;2,040;2,000;13,052;37,292
2024-11-20;2,040;10;6,213;12,675,550;2,050;2,050;2,040;13,182;37,662
2024-11-19;2,050;10;7,137;14,436,600;2,040;2,050;2,000;13,246;37,846
2024-11-18;2,060;0;3,023;6,139,470;2,060;2,060;2,020;13,311;38,031
2024-11-13;2,060;10;3,232;6,600,910;2,050;2,060;2,040;13,311;38,031
2024-11-12;2,050;10;3,829;7,850,390;2,060;2,060;2,050;13,246;37,846
2024-11-11;2,060;0;276;568,560;2,060;2,060;2,060;13,311;38,031
2024-11-08;2,060;0;708;1,457,120;2,060;2,060;2,050;13,311;38,031
2024-11-07;2,060;10;829;1,701,260;2,060;2,070;2,050;13,311;38,031
2024-11-06;2,050;0;433;884,120;2,040;2,050;2,040;13,246;37,846
2024-11-05;2,050;10;301;614,360;2,040;2,050;2,040;13,246;37,846
2024-11-04;2,040;10;141;284,590;2,050;2,050;2,040;13,182;37,662
2024-11-01;2,050;10;146;299,520;2,050;2,070;2,050;13,246;37,846
2024-10-31;2,040;10;344;702,810;2,040;2,070;2,040;13,182;37,662
2024-10-30;2,050;10;202;414,130;2,060;2,060;2,050;13,246;37,846
2024-10-28;2,040;10;3,491;7,147,120;2,050;2,050;2,040;13,182;37,662
2024-10-25;2,050;10;360;738,270;2,060;2,060;2,050;13,246;37,846
2024-10-24;2,060;0;1,922;3,958,320;2,060;2,060;2,050;13,311;38,031
2024-10-23;2,060;0;1,981;4,061,760;2,060;2,060;2,050;13,311;38,031
2024-10-22;2,060;0;2,175;4,459,070;2,060;2,070;2,050;13,311;38,031
2024-10-21;2,060;10;450;922,740;2,050;2,070;2,050;13,311;38,031
2024-10-18;2,050;20;904;1,857,870;2,050;2,070;2,050;13,246;37,846
2024-10-17;2,070;20;703;1,448,130;2,070;2,070;2,050;13,375;38,215
2024-10-16;2,050;20;34;70,100;2,060;2,070;2,050;13,246;37,846
2024-10-14;2,070;10;845;1,742,240;2,080;2,080;2,060;13,375;38,215
2024-10-11;2,080;10;22;45,580;2,070;2,080;2,070;13,440;38,400
2024-10-10;2,070;0;63;130,240;2,080;2,080;2,060;13,375;38,215
2024-10-09;2,070;0;717;1,489,200;2,070;2,080;2,070;13,375;38,215
2024-10-08;2,070;20;2,157;4,474,660;2,060;2,080;2,060;13,375;38,215
2024-10-07;2,050;10;5,311;11,030,900;2,060;2,090;2,050;13,246;37,846
2024-10-04;2,060;10;3,387;6,981,350;2,070;2,080;2,060;13,311;38,031
2024-09-30;2,070;0;4,556;9,430,500;2,070;2,080;2,060;13,375;38,215
2024-09-27;2,070;0;259;536,130;2,070;2,070;2,070;13,375;38,215
2024-09-26;2,070;0;1,709;3,492,790;2,060;2,080;2,030;13,375;38,215
2024-09-25;2,070;10;2,990;6,132,240;2,080;2,080;2,050;13,375;38,215
2024-09-23;2,080;30;400;822,840;2,080;2,080;2,050;13,440;38,400
2024-09-20;2,050;20;367;756,380;2,070;2,080;2,050;13,246;37,846
2024-09-19;2,070;10;2,253;4,641,680;2,060;2,070;2,060;13,375;38,215
2024-09-18;2,060;0;269;554,470;2,080;2,080;2,060;13,311;38,031
2024-09-17;2,060;20;2,640;5,440,940;2,070;2,070;2,060;13,311;38,031
2024-09-16;2,080;10;2,060;4,255,100;2,070;2,080;2,060;13,440;38,400
2024-09-13;2,070;10;308;635,790;2,080;2,080;2,060;13,375;38,215
2024-09-12;2,060;10;11,544;23,883,630;2,080;2,090;2,060;13,311;38,031
2024-09-11;2,070;0;736;1,514,420;2,070;2,070;2,050;13,375;38,215
2024-09-10;2,070;0;2,199;4,551,930;2,070;2,070;2,070;13,375;38,215
2024-09-09;2,070;0;1,003;2,056,570;2,070;2,070;2,050;13,375;38,215
2024-09-06;2,070;0;228;470,880;2,050;2,070;2,050;13,375;38,215
2024-09-05;2,070;10;342;707,060;2,080;2,080;2,060;13,375;38,215
2024-09-04;2,080;10;19;39,520;2,080;2,080;2,080;13,440;38,400
2024-09-03;2,070;10;15,498;32,182,910;2,080;2,080;2,070;13,375;38,215
2024-09-02;2,080;10;223;460,270;2,060;2,080;2,050;13,440;38,400
2024-08-30;2,070;0;2,261;4,680,400;2,080;2,080;2,070;13,375;38,215
2024-08-29;2,070;0;117;242,190;2,070;2,070;2,070;13,375;38,215
2024-08-28;2,070;0;460;953,300;2,070;2,080;2,060;13,375;38,215
2024-08-27;2,070;20;368;763,010;2,090;2,090;2,070;13,375;38,215
2024-08-26;2,090;20;245;504,730;2,060;2,090;2,060;13,505;38,585
2024-08-23;2,070;10;267;552,800;2,080;2,080;2,060;13,375;38,215
2024-08-22;2,080;0;695;1,434,300;2,080;2,080;2,060;13,440;38,400
2024-08-21;2,080;0;2,812;5,813,900;2,070;2,080;2,060;13,440;38,400
2024-08-20;2,080;0;788;1,630,330;2,070;2,080;2,060;13,440;38,400
2024-08-19;2,080;0;1,294;2,668,700;2,060;2,080;2,060;13,440;38,400
2024-08-16;2,080;0;1,636;3,395,860;2,080;2,080;2,070;13,440;38,400
2024-08-15;2,080;10;3,647;7,555,060;2,060;2,090;2,060;13,440;38,400
2024-08-14;2,090;10;2,725;5,648,370;2,070;2,100;2,060;13,505;38,585
2024-08-13;2,080;0;1,640;3,396,480;2,080;2,090;2,070;13,440;38,400
2024-08-12;2,080;10;1,054;2,163,440;2,070;2,090;2,070;13,440;38,400
2024-08-09;2,090;0;1,750;3,643,740;2,090;2,100;2,070;13,505;38,585
2024-08-08;2,090;0;4,232;8,884,880;2,090;2,090;2,080;13,505;38,585
2024-08-07;2,090;0;9,255;19,076,760;2,060;2,100;2,040;13,505;38,585
2024-08-06;2,090;10;1,384;2,885,560;2,080;2,100;2,080;13,505;38,585
2024-08-05;2,100;10;638;1,335,440;2,090;2,100;2,090;13,569;38,769
2024-08-02;2,090;10;103;214,560;2,080;2,090;2,080;13,505;38,585
2024-08-01;2,080;10;229;476,370;2,090;2,090;2,080;13,440;38,400
2024-07-31;2,090;0;719;1,501,120;2,090;2,090;2,080;13,505;38,585
2024-07-30;2,090;0;136;284,320;2,090;2,090;2,090;13,505;38,585
2024-07-29;2,090;0;412;861,080;2,090;2,090;2,090;13,505;38,585
2024-07-26;2,090;0;858;1,789,510;2,090;2,090;2,080;13,505;38,585
2024-07-25;2,090;10;706;1,478,410;2,090;2,100;2,090;13,505;38,585
2024-07-24;2,100;0;6,074;12,707,130;2,090;2,100;2,090;13,569;38,769
2024-07-23;2,100;0;415;867,430;2,100;2,100;2,090;13,569;38,769
2024-07-22;2,100;0;536;1,120,730;2,100;2,100;2,080;13,569;38,769
2024-07-19;2,100;10;5,340;11,176,320;2,090;2,100;2,090;13,569;38,769
2024-07-18;2,090;0;1,185;2,465,390;2,090;2,090;2,080;13,505;38,585
2024-07-17;2,090;0;859;1,791,960;2,090;2,090;2,080;13,505;38,585
2024-07-16;2,090;0;6,099;12,746,390;2,090;2,100;2,080;13,505;38,585
2024-07-15;2,090;0;1,928;4,017,940;2,090;2,090;2,070;13,505;38,585
2024-07-12;2,090;10;16,889;35,129,880;2,080;2,090;2,080;13,505;38,585
2024-07-11;2,080;10;3,720;7,779,870;2,080;2,100;2,080;13,440;38,400
2024-07-10;2,090;10;2,983;6,220,560;2,090;2,090;2,070;13,505;38,585
2024-07-09;2,080;0;10,236;21,195,490;2,080;2,080;2,070;13,440;38,400
2024-07-08;2,080;20;22,693;46,787,160;2,070;2,090;2,060;13,440;38,400
2024-07-05;2,060;10;2,370;4,896,160;2,070;2,080;2,060;13,311;38,031
2024-07-04;2,070;10;2,164;4,464,990;2,060;2,080;2,060;13,375;38,215
2024-07-03;2,060;20;4,114;8,503,230;2,080;2,080;2,060;13,311;38,031
2024-07-02;2,080;10;203;421,840;2,080;2,080;2,070;13,440;38,400
2024-07-01;2,070;10;210;437,750;2,090;2,090;2,070;13,375;38,215
2024-06-28;2,080;10;1,437;2,987,840;2,080;2,090;2,070;13,440;38,400
2024-06-27;2,070;0;2,064;4,278,620;2,070;2,080;2,070;13,375;38,215
2024-06-26;2,070;0;7,049;14,627,970;2,060;2,090;2,060;13,375;38,215
2024-06-25;2,070;10;10,083;20,800,600;2,080;2,090;2,060;13,375;38,215
2024-06-24;2,080;190;22,582;47,207,740;2,120;2,120;2,080;13,440;38,400
2024-06-21;2,270;10;45,581;103,606,900;2,280;2,290;2,270;14,668;41,908
2024-06-20;2,280;0;14,916;34,016,150;2,280;2,290;2,270;14,732;42,092
2024-06-19;2,280;0;33,826;76,853,140;2,280;2,290;2,260;14,732;42,092
2024-06-17;2,280;0;26,799;60,911,930;2,270;2,280;2,270;14,732;42,092
2024-06-14;2,280;10;1,436;3,278,790;2,290;2,290;2,280;14,732;42,092
2024-06-13;2,290;20;13,087;29,742,870;2,280;2,290;2,260;14,797;42,277
2024-06-12;2,270;30;63,575;145,032,830;2,300;2,300;2,270;14,668;41,908
2024-06-11;2,300;60;181,090;415,169,780;2,240;2,330;2,240;14,862;42,462
2024-06-10;2,240;10;9,767;21,762,400;2,220;2,240;2,220;14,474;41,354
2024-06-07;2,230;0;5,786;12,847,950;2,230;2,230;2,210;14,409;41,169
2024-06-06;2,230;10;16,145;35,866,780;2,240;2,240;2,210;14,409;41,169
2024-06-05;2,240;20;8,361;18,632,740;2,210;2,240;2,210;14,474;41,354
2024-06-04;2,220;20;6,774;15,094,060;2,230;2,240;2,220;14,345;40,985
2024-06-03;2,240;10;16,401;36,240,630;2,220;2,250;2,200;14,474;41,354
2024-05-31;2,230;30;33,682;74,397,380;2,200;2,250;2,190;14,409;41,169
2024-05-30;2,200;10;16,719;36,547,620;2,200;2,210;2,180;14,215;40,615
2024-05-29;2,190;0;6,563;14,317,900;2,190;2,190;2,180;14,151;40,431
2024-05-28;2,190;0;9,709;21,172,950;2,180;2,190;2,180;14,151;40,431
2024-05-27;2,190;10;2,424;5,291,070;2,190;2,190;2,180;14,151;40,431
2024-05-24;2,180;0;3,874;8,410,620;2,180;2,180;2,170;14,086;40,246
2024-05-23;2,180;10;1,891;4,114,680;2,190;2,190;2,170;14,086;40,246
2024-05-21;2,190;10;4,153;9,025,260;2,200;2,200;2,170;14,151;40,431
2024-05-20;2,200;0;1,496;3,280,100;2,200;2,200;2,180;14,215;40,615
2024-05-17;2,200;20;22,183;48,427,840;2,180;2,210;2,160;14,215;40,615
2024-05-16;2,180;10;4,451;9,661,820;2,170;2,180;2,160;14,086;40,246
2024-05-15;2,170;0;9,584;20,730,810;2,170;2,180;2,160;14,022;40,062
2024-05-13;2,170;10;9,841;21,295,970;2,180;2,180;2,160;14,022;40,062
2024-05-10;2,180;0;34;74,120;2,180;2,180;2,180;14,086;40,246
2024-05-09;2,180;10;11,105;23,878,160;2,180;2,190;2,140;14,086;40,246
2024-05-08;2,190;40;24,504;53,283,210;2,170;2,190;2,160;14,151;40,431
2024-05-07;2,150;20;879;1,886,700;2,150;2,150;2,130;13,892;39,692
2024-05-06;2,130;20;5,619;11,964,930;2,170;2,170;2,120;13,763;39,323
2024-05-03;2,150;50;11,135;23,720,320;2,110;2,200;2,100;13,892;39,692
2024-05-02;2,100;10;3,560;7,437,830;2,120;2,120;2,080;13,569;38,769
2024-04-30;2,090;10;4,157;8,574,800;2,050;2,090;2,050;13,505;38,585
2024-04-29;2,080;0;1,104;2,290,910;2,090;2,090;2,060;13,440;38,400
2024-04-26;2,080;40;3,086;6,339,050;2,040;2,110;2,040;13,440;38,400
2024-04-25;2,120;10;203;427,010;2,100;2,120;2,100;13,698;39,138
2024-04-24;2,110;10;1,484;3,104,820;2,070;2,110;2,070;13,634;38,954
2024-04-23;2,100;10;143;299,150;2,100;2,100;2,090;13,569;38,769
2024-04-22;2,090;10;1,107;2,293,790;2,110;2,110;2,070;13,505;38,585
2024-04-19;2,100;0;4,757;9,861,810;2,080;2,110;2,070;13,569;38,769
2024-04-18;2,100;20;4,163;8,675,750;2,120;2,120;2,080;13,569;38,769
2024-04-17;2,120;10;919;1,912,860;2,130;2,130;2,070;13,698;39,138
2024-04-12;2,130;0;103;219,390;2,130;2,130;2,130;13,763;39,323
2024-04-11;2,130;10;476;1,002,520;2,120;2,130;2,090;13,763;39,323
2024-04-10;2,120;30;1,471;3,124,230;2,120;2,130;2,100;13,698;39,138
2024-04-09;2,090;40;847;1,795,340;2,140;2,140;2,090;13,505;38,585
2024-04-08;2,130;50;2,788;5,867,590;2,040;2,150;2,040;13,763;39,323
2024-04-05;2,080;30;10,682;22,142,220;2,080;2,100;2,050;13,440;38,400
2024-04-04;2,110;10;652;1,380,140;2,120;2,120;2,100;13,634;38,954
2024-04-03;2,120;10;531;1,117,330;2,120;2,120;2,090;13,698;39,138
2024-04-02;2,110;10;1,035;2,171,280;2,100;2,110;2,090;13,634;38,954
2024-04-01;2,100;10;859;1,791,370;2,090;2,100;2,080;13,569;38,769
2024-03-29;2,090;20;1,017;2,128,780;2,110;2,110;2,090;13,505;38,585
2024-03-28;2,110;10;136;285,670;2,100;2,110;2,100;13,634;38,954
2024-03-27;2,100;10;2,314;4,855,830;2,110;2,110;2,090;13,569;38,769
2024-03-26;2,110;20;639;1,346,900;2,100;2,110;2,100;13,634;38,954
2024-03-25;2,090;30;6,015;12,613,780;2,100;2,110;2,090;13,505;38,585
2024-03-22;2,120;20;195;411,520;2,100;2,120;2,100;13,698;39,138
2024-03-21;2,140;10;1,188;2,543,590;2,130;2,150;2,120;13,828;39,508
2024-03-20;2,130;0;872;1,835,480;2,100;2,130;2,100;13,763;39,323
2024-03-19;2,130;10;364;769,570;2,120;2,130;2,100;13,763;39,323
2024-03-18;2,120;30;406;856,720;2,090;2,120;2,090;13,698;39,138
2024-03-15;2,090;40;4,406;9,257,030;2,120;2,130;2,090;13,505;38,585
2024-03-14;2,130;20;1,588;3,370,970;2,110;2,130;2,100;13,763;39,323
2024-03-13;2,110;10;481;1,016,620;2,110;2,140;2,110;13,634;38,954
2024-03-12;2,120;10;771;1,647,650;2,140;2,140;2,120;13,698;39,138
2024-03-11;2,110;20;614;1,318,010;2,150;2,150;2,110;13,634;38,954
2024-03-07;2,130;30;1,244;2,649,290;2,150;2,160;2,120;13,763;39,323
2024-03-06;2,160;20;42;90,640;2,160;2,160;2,140;13,957;39,877
2024-03-05;2,140;20;52;111,420;2,160;2,160;2,130;13,828;39,508
2024-03-04;2,160;10;1,735;3,729,280;2,170;2,170;2,140;13,957;39,877
2024-03-01;2,150;0;1,139;2,448,070;2,130;2,160;2,130;13,892;39,692
2024-02-29;2,150;10;2,397;5,143,090;2,160;2,160;2,140;13,892;39,692
2024-02-28;2,160;0;847;1,812,270;2,160;2,160;2,130;13,957;39,877
2024-02-27;2,160;0;1,618;3,464,010;2,130;2,160;2,130;13,957;39,877
2024-02-26;2,160;0;262;561,570;2,170;2,170;2,140;13,957;39,877
2024-02-23;2,160;20;2,352;5,055,820;2,140;2,160;2,140;13,957;39,877
2024-02-22;2,140;30;563;1,205,890;2,170;2,170;2,130;13,828;39,508
2024-02-21;2,170;10;1,771;3,787,890;2,160;2,170;2,130;14,022;40,062
2024-02-20;2,160;20;2,062;4,432,060;2,180;2,180;2,130;13,957;39,877
2024-02-19;2,180;10;49;106,170;2,180;2,180;2,160;14,086;40,246
2024-02-16;2,170;0;388;817,960;2,170;2,170;2,170;14,022;40,062
2024-02-15;2,170;10;6,126;13,128,600;2,180;2,180;2,130;14,022;40,062
2024-02-14;2,180;0;470;1,020,940;2,170;2,180;2,170;14,086;40,246
2024-02-13;2,180;0;640;1,394,330;2,180;2,190;2,170;14,086;40,246
2024-02-12;2,180;10;2,959;6,421,510;2,190;2,190;2,160;14,086;40,246
2024-02-09;2,190;10;601;1,305,450;2,190;2,190;2,170;14,151;40,431
2024-02-08;2,180;20;10,110;21,968,750;2,200;2,200;2,160;14,086;40,246
2024-02-07;2,200;70;21,825;47,705,390;2,170;2,210;2,150;14,215;40,615
2024-02-06;2,130;10;2,218;4,722,730;2,120;2,130;2,110;13,763;39,323
2024-02-05;2,120;10;114;242,190;2,120;2,130;2,120;13,698;39,138
2024-02-02;2,130;0;959;2,015,370;2,100;2,130;2,100;13,763;39,323
2024-02-01;2,130;0;492;1,050,230;2,110;2,130;2,110;13,763;39,323
2024-01-31;2,130;0;128;270,230;2,130;2,130;2,100;13,763;39,323
2024-01-30;2,130;20;257;548,140;2,130;2,200;2,120;13,763;39,323
2024-01-29;2,110;0;2,587;5,435,660;2,120;2,120;2,100;13,634;38,954
2024-01-26;2,110;10;1,393;2,940,170;2,120;2,120;2,110;13,634;38,954
2024-01-25;2,120;20;71;150,610;2,120;2,130;2,120;13,698;39,138
2024-01-24;2,100;20;3,828;8,068,210;2,110;2,110;2,100;13,569;38,769
2024-01-23;2,120;20;149;315,880;2,140;2,120;2,120;13,698;39,138
2024-01-22;2,140;10;138;293,990;2,130;2,140;2,130;13,828;39,508
2024-01-19;2,130;10;31;66,020;2,130;2,130;2,120;13,763;39,323
2024-01-18;2,120;0;1,416;3,001,220;2,120;2,130;2,110;13,698;39,138
2024-01-17;2,120;20;27;57,250;2,130;2,130;2,110;13,698;39,138
2024-01-16;2,100;10;3,202;6,725,850;2,140;2,140;2,100;13,569;38,769
2024-01-15;2,110;0;239;503,270;2,150;2,150;2,100;13,634;38,954
2024-01-12;2,110;10;2,343;4,930,020;2,110;2,110;2,100;13,634;38,954
2024-01-11;2,120;10;1,573;3,314,030;2,110;2,120;2,100;13,698;39,138
2024-01-10;2,110;10;482;1,013,770;2,100;2,120;2,100;13,634;38,954
2024-01-09;2,120;0;1,188;2,508,910;2,140;2,140;2,110;13,698;39,138
2024-01-08;2,120;10;1,928;4,093,030;2,130;2,130;2,110;13,698;39,138
2024-01-05;2,110;20;401;847,630;2,120;2,140;2,110;13,634;38,954
2024-01-04;2,130;0;3,529;7,448,290;2,130;2,130;2,100;13,763;39,323
2024-01-03;2,130;0;1,098;2,315,490;2,140;2,140;2,100;13,763;39,323
2024-01-02;2,130;10;797;1,693,430;2,120;2,140;2,120;13,763;39,323
2023-12-29;2,140;0;1,246;2,654,140;2,130;2,140;2,130;13,828;39,508
2023-12-28;2,140;10;1,361;2,894,840;2,130;2,140;2,100;13,828;39,508
2023-12-27;2,130;10;432;921,820;2,120;2,140;2,120;13,763;39,323
2023-12-26;2,140;0;2,682;5,760,240;2,150;2,160;2,130;13,828;39,508
2023-12-25;2,140;10;1,917;4,094,720;2,140;2,150;2,120;13,828;39,508
2023-12-22;2,130;20;3,707;7,816,110;2,090;2,130;2,090;13,763;39,323
2023-12-21;2,110;0;4,508;9,435,040;2,120;2,120;2,090;13,634;38,954
2023-12-20;2,110;0;8,276;17,453,600;2,110;2,120;2,100;13,634;38,954
2023-12-19;2,110;0;2,057;4,332,170;2,110;2,110;2,100;13,634;38,954
2023-12-18;2,110;0;1,423;2,980,830;2,110;2,110;2,090;13,634;38,954
2023-12-15;2,110;0;5,626;11,822,040;2,110;2,120;2,090;13,634;38,954
2023-12-14;2,110;10;11,495;24,000,620;2,100;2,120;2,080;13,634;38,954
2023-12-13;2,120;10;114;241,580;2,120;2,120;2,100;13,698;39,138
2023-12-12;2,130;20;3,190;6,731,920;2,110;2,130;2,110;13,763;39,323
2023-12-11;2,110;10;25,307;52,803,710;2,100;2,110;2,070;13,634;38,954
2023-12-08;2,100;10;12,151;25,361,450;2,100;2,110;2,080;13,569;38,769
2023-12-07;2,110;30;8,449;17,605,190;2,100;2,110;2,080;13,634;38,954
2023-12-06;2,080;0;5,505;11,465,260;2,090;2,110;2,080;13,440;38,400
2023-12-05;2,080;30;6,478;13,479,800;2,110;2,110;2,080;13,440;38,400
2023-12-04;2,110;0;2,509;5,269,600;2,100;2,110;2,100;13,634;38,954
2023-12-01;2,110;10;4,941;10,331,010;2,110;2,110;2,080;13,634;38,954
2023-11-30;2,100;0;775;1,620,890;2,100;2,110;2,090;13,569;38,769
2023-11-29;2,100;10;7,138;14,915,900;2,100;2,110;2,080;13,569;38,769
2023-11-24;2,110;10;9,985;20,852,540;2,110;2,110;2,080;13,634;38,954
2023-11-23;2,120;0;3,606;7,565,710;2,120;2,120;2,080;13,698;39,138
2023-11-22;2,120;0;2,314;4,902,540;2,120;2,120;2,110;13,698;39,138
2023-11-21;2,120;10;462;974,780;2,110;2,120;2,100;13,698;39,138
2023-11-20;2,110;0;1,598;3,357,990;2,120;2,120;2,100;13,634;38,954
2023-11-17;2,110;0;2,213;4,668,440;2,110;2,120;2,100;13,634;38,954
2023-11-16;2,110;10;2,724;5,737,920;2,110;2,110;2,100;13,634;38,954
2023-11-15;2,100;0;2,956;6,210,120;2,100;2,110;2,100;13,569;38,769
2023-11-14;2,100;10;4,969;10,477,150;2,110;2,120;2,100;13,569;38,769
2023-11-13;2,110;0;661;1,398,110;2,160;2,160;2,110;13,634;38,954
2023-11-10;2,110;10;289;615,910;2,150;2,150;2,110;13,634;38,954
2023-11-08;2,120;20;10,836;22,806,670;2,110;2,120;2,090;13,698;39,138
2023-11-07;2,100;20;2,557;5,375,260;2,120;2,120;2,100;13,569;38,769
2023-11-06;2,120;0;1,121;2,376,460;2,120;2,120;2,110;13,698;39,138
2023-11-03;2,120;0;3,050;6,446,240;2,120;2,120;2,100;13,698;39,138
2023-11-02;2,120;20;437;927,530;2,130;2,140;2,110;13,698;39,138
2023-11-01;2,140;40;16,658;35,302,880;2,110;2,140;2,100;13,828;39,508
2023-10-31;2,100;10;205;431,680;2,120;2,120;2,100;13,569;38,769
2023-10-30;2,110;0;1,059;2,242,570;2,120;2,120;2,080;13,634;38,954
2023-10-27;2,110;20;111;232,450;2,120;2,120;2,090;13,634;38,954
2023-10-26;2,090;20;9,865;20,566,490;2,150;2,150;2,070;13,505;38,585
2023-10-25;2,110;30;4,508;9,499,170;2,120;2,140;2,100;13,634;38,954
2023-10-24;2,140;10;368;781,820;2,150;2,150;2,120;13,828;39,508
2023-10-23;2,150;10;924;1,971,390;2,150;2,150;2,120;13,892;39,692
2023-10-20;2,160;20;86;186,050;2,170;2,180;2,150;13,957;39,877
2023-10-19;2,140;10;53;113,690;2,170;2,170;2,140;13,828;39,508
2023-10-18;2,130;0;1,261;2,686,050;2,130;2,140;2,130;13,763;39,323
2023-10-17;2,130;0;1,438;3,063,190;2,160;2,160;2,130;13,763;39,323
2023-10-16;2,130;70;741;1,581,130;2,170;2,170;2,130;13,763;39,323
2023-10-12;2,200;70;1,175;2,514,710;2,130;2,200;2,130;14,215;40,615
2023-10-11;2,130;10;5,220;11,068,720;2,120;2,140;2,120;13,763;39,323
2023-10-10;2,120;30;4,138;8,791,740;2,150;2,150;2,120;13,698;39,138
2023-10-09;2,150;10;1,414;3,010,830;2,160;2,160;2,120;13,892;39,692
2023-10-06;2,160;10;806;1,728,200;2,150;2,160;2,130;13,957;39,877
2023-10-05;2,150;0;526;1,125,800;2,150;2,150;2,140;13,892;39,692
2023-10-04;2,150;0;596;1,270,780;2,160;2,160;2,130;13,892;39,692
2023-10-03;2,150;0;3,278;7,044,910;2,150;2,150;2,140;13,892;39,692
2023-10-02;2,150;0;91;195,640;2,150;2,150;2,140;13,892;39,692
2023-09-29;2,150;10;468;1,006,230;2,150;2,160;2,150;13,892;39,692
2023-09-28;2,160;0;100;216,000;2,160;2,160;2,160;13,957;39,877
2023-09-27;2,160;0;252;542,130;2,160;2,160;2,150;13,957;39,877
2023-09-26;2,160;20;3,039;6,455,320;2,130;2,160;2,120;13,957;39,877
2023-09-25;2,140;10;3,653;7,839,380;2,150;2,150;2,140;13,828;39,508
2023-09-22;2,150;10;892;1,921,720;2,160;2,160;2,150;13,892;39,692
2023-09-21;2,160;10;4,753;10,187,570;2,160;2,160;2,130;13,957;39,877
2023-09-20;2,150;0;1,158;2,493,100;2,150;2,160;2,140;13,892;39,692
2023-09-19;2,150;0;1,382;2,971,690;2,160;2,160;2,150;13,892;39,692
2023-09-18;2,150;20;1,766;3,806,970;2,170;2,170;2,150;13,892;39,692
2023-09-15;2,170;10;1,315;2,840,480;2,160;2,180;2,160;14,022;40,062
2023-09-14;2,160;0;2,440;5,227,140;2,150;2,170;2,140;13,957;39,877
2023-09-13;2,160;0;1,328;2,850,180;2,150;2,180;2,140;13,957;39,877
2023-09-12;2,160;10;164;354,260;2,170;2,170;2,160;13,957;39,877
2023-09-11;2,170;0;353;760,490;2,160;2,170;2,150;14,022;40,062
2023-09-08;2,170;0;811;1,741,870;2,150;2,180;2,120;14,022;40,062
2023-09-07;2,170;20;3,746;7,972,410;2,160;2,170;2,110;14,022;40,062
2023-09-06;2,150;20;1,337;2,889,030;2,180;2,180;2,150;13,892;39,692
2023-09-05;2,170;20;356;773,150;2,180;2,180;2,160;14,022;40,062
2023-09-04;2,190;0;232;505,510;2,190;2,190;2,160;14,151;40,431
2023-09-01;2,190;20;145;315,740;2,160;2,190;2,160;14,151;40,431
2023-08-31;2,170;10;1,112;2,427,080;2,180;2,190;2,170;14,022;40,062
2023-08-30;2,180;10;6,143;13,151,010;2,140;2,180;2,140;14,086;40,246
2023-08-29;2,170;20;1,995;4,341,760;2,180;2,180;2,170;14,022;40,062
2023-08-28;2,190;0;4,471;9,704,820;2,200;2,200;2,170;14,151;40,431
2023-08-25;2,190;20;3,007;6,503,790;2,200;2,200;2,160;14,151;40,431
2023-08-24;2,170;20;790;1,716,500;2,200;2,200;2,170;14,022;40,062
2023-08-23;2,190;10;5,150;11,217,720;2,190;2,200;2,170;14,151;40,431
2023-08-22;2,200;0;257;562,920;2,190;2,200;2,190;14,215;40,615
2023-08-21;2,200;0;2,287;5,021,730;2,200;2,200;2,190;14,215;40,615
2023-08-18;2,200;10;1,084;2,385,700;2,210;2,210;2,200;14,215;40,615
2023-08-17;2,210;0;764;1,682,030;2,210;2,210;2,200;14,280;40,800
2023-08-16;2,210;0;530;1,171,520;2,210;2,220;2,210;14,280;40,800
2023-08-15;2,210;0;1,967;4,357,510;2,220;2,220;2,210;14,280;40,800
2023-08-14;2,210;20;16,422;36,109,970;2,190;2,210;2,180;14,280;40,800
2023-08-11;2,190;20;5,424;11,883,760;2,190;2,200;2,180;14,151;40,431
2023-08-10;2,170;30;540;1,176,190;2,180;2,180;2,140;14,022;40,062
2023-08-09;2,140;20;4,779;10,244,330;2,160;2,160;2,140;13,828;39,508
2023-08-08;2,160;10;1,847;3,979,940;2,150;2,170;2,150;13,957;39,877
2023-08-07;2,150;0;5,210;11,203,480;2,150;2,160;2,150;13,892;39,692
2023-08-04;2,150;0;4,541;9,771,800;2,180;2,180;2,150;13,892;39,692
2023-08-03;2,150;30;9,708;20,978,000;2,180;2,190;2,150;13,892;39,692
2023-08-02;2,180;10;787;1,717,710;2,190;2,200;2,180;14,086;40,246
2023-08-01;2,190;0;368;803,710;2,180;2,200;2,180;14,151;40,431
2023-07-31;2,190;0;387;840,900;2,190;2,190;2,170;14,151;40,431
2023-07-28;2,190;0;1,586;3,443,040;2,180;2,190;2,170;14,151;40,431
2023-07-27;2,190;20;1,171;2,560,810;2,190;2,190;2,170;14,151;40,431
2023-07-26;2,170;0;2,845;6,181,700;2,180;2,180;2,170;14,022;40,062
2023-07-25;2,170;20;982;2,140,750;2,190;2,200;2,170;14,022;40,062
2023-07-21;2,190;0;2,351;5,140,250;2,190;2,190;2,170;14,151;40,431
2023-07-20;2,190;10;2,191;4,752,670;2,200;2,200;2,150;14,151;40,431
2023-07-19;2,180;0;12,352;26,706,920;2,170;2,200;2,150;14,086;40,246
2023-07-18;2,180;0;3,134;6,830,490;2,200;2,200;2,170;14,086;40,246
2023-07-17;2,180;10;1,802;3,919,900;2,200;2,200;2,160;14,086;40,246
2023-07-14;2,190;0;9,407;20,407,210;2,180;2,200;2,160;14,151;40,431
2023-07-13;2,190;10;4,064;8,892,610;2,210;2,230;2,170;14,151;40,431
2023-07-12;2,200;70;17,955;40,183,690;2,270;2,270;2,190;14,215;40,615
2023-07-11;2,270;130;67,092;147,786,680;2,140;2,290;2,120;14,668;41,908
2023-07-10;2,140;40;11,894;25,571,870;2,250;2,250;2,140;13,828;39,508
2023-07-07;2,180;10;13,402;28,911,760;2,200;2,200;2,140;14,086;40,246
2023-07-06;2,190;10;5,674;12,346,380;2,200;2,210;2,160;14,151;40,431
2023-07-05;2,200;0;157;345,320;2,200;2,210;2,180;14,215;40,615
2023-07-04;2,200;10;324;712,950;2,210;2,210;2,200;14,215;40,615
2023-07-03;2,210;10;247;545,860;2,210;2,210;2,200;14,280;40,800
2023-06-30;2,200;0;745;1,637,200;2,200;2,200;2,190;14,215;40,615
2023-06-29;2,200;0;2,839;6,158,210;2,210;2,240;2,160;14,215;40,615
2023-06-28;2,200;10;438;963,090;2,190;2,210;2,180;14,215;40,615
2023-06-27;2,190;30;16,472;36,029,410;2,230;2,230;2,170;14,151;40,431
2023-06-26;2,220;20;3,549;7,829,560;2,240;2,240;2,200;14,345;40,985
2023-06-23;2,240;0;1,587;3,517,290;2,250;2,250;2,200;14,474;41,354
2023-06-22;2,240;10;768;1,720,250;2,220;2,250;2,220;14,474;41,354
2023-06-21;2,250;0;602;1,345,570;2,220;2,250;2,220;14,538;41,538
2023-06-20;2,250;0;2,145;4,818,850;2,240;2,250;2,230;14,538;41,538
2023-06-19;2,250;50;1,126;2,529,700;2,270;2,270;2,210;14,538;41,538
2023-06-16;2,200;70;5,415;11,982,060;2,270;2,270;2,200;14,215;40,615
2023-06-15;2,270;0;1,466;3,279,000;2,270;2,270;2,220;14,668;41,908
2023-06-14;2,270;10;14,834;33,287,780;2,250;2,280;2,200;14,668;41,908
2023-06-13;2,260;20;4,202;9,564,000;2,280;2,300;2,260;14,603;41,723
2023-06-12;2,280;20;493;1,124,450;2,300;2,300;2,280;14,732;42,092
2023-06-09;2,300;10;1,078;2,459,960;2,290;2,300;2,280;14,862;42,462
2023-06-08;2,290;0;3,656;8,327,440;2,300;2,300;2,260;14,797;42,277
2023-06-07;2,290;10;2,633;6,020,010;2,300;2,300;2,270;14,797;42,277
2023-06-06;2,300;20;17,034;39,049,600;2,320;2,320;2,290;14,862;42,462
2023-06-05;2,320;10;1,925;4,457,920;2,310;2,320;2,290;14,991;42,831
2023-06-02;2,310;10;11,430;26,311,610;2,300;2,330;2,290;14,926;42,646
2023-06-01;2,320;0;3,310;7,664,810;2,340;2,340;2,310;14,991;42,831
2023-05-31;2,320;30;645;1,509,220;2,350;2,350;2,320;14,991;42,831
2023-05-30;2,350;10;2,784;6,514,300;2,340;2,350;2,330;15,185;43,385
2023-05-29;2,340;20;4,166;9,715,070;2,330;2,340;2,320;15,120;43,200
2023-05-26;2,320;30;4,147;9,636,240;2,340;2,340;2,320;14,991;42,831
2023-05-25;2,350;20;3,361;7,860,740;2,340;2,350;2,320;15,185;43,385
2023-05-24;2,330;0;574;1,340,850;2,340;2,340;2,330;15,055;43,015
2023-05-23;2,330;10;12,480;28,971,920;2,340;2,340;2,310;15,055;43,015
2023-05-22;2,340;10;15,991;37,505,950;2,360;2,360;2,330;15,120;43,200
2023-05-19;2,350;20;8,322;19,496,870;2,310;2,350;2,310;15,185;43,385
2023-05-18;2,330;0;394;914,910;2,330;2,330;2,320;15,055;43,015
2023-05-17;2,330;0;1,465;3,389,940;2,350;2,350;2,310;15,055;43,015
2023-05-16;2,330;0;384;892,390;2,340;2,340;2,310;15,055;43,015
2023-05-15;2,330;10;1,176;2,729,080;2,310;2,340;2,310;15,055;43,015
2023-05-12;2,340;0;880;2,055,100;2,340;2,340;2,330;15,120;43,200
2023-05-11;2,340;0;543;1,257,660;2,340;2,340;2,300;15,120;43,200
2023-05-10;2,340;0;693;1,609,410;2,300;2,340;2,300;15,120;43,200
2023-05-09;2,340;20;1,366;3,156,910;2,310;2,350;2,290;15,120;43,200
2023-05-05;2,320;10;10,327;23,905,040;2,330;2,350;2,300;14,991;42,831
2023-05-03;2,330;20;4,217;9,851,500;2,340;2,350;2,330;15,055;43,015
2023-05-02;2,350;10;6,268;14,629,130;2,350;2,350;2,320;15,185;43,385
2023-04-28;2,360;0;312;734,460;2,360;2,360;2,350;15,249;43,569
2023-04-27;2,360;10;2,167;5,069,880;2,360;2,360;2,330;15,249;43,569
2023-04-26;2,370;0;165;389,490;2,370;2,370;2,350;15,314;43,754
2023-04-25;2,370;0;1,809;4,270,520;2,360;2,370;2,350;15,314;43,754
2023-04-24;2,370;0;2,441;5,740,600;2,370;2,370;2,350;15,314;43,754
2023-04-21;2,370;0;1,232;2,905,840;2,370;2,370;2,350;15,314;43,754
2023-04-20;2,370;0;548;1,292,890;2,360;2,370;2,350;15,314;43,754
2023-04-19;2,370;20;10,844;25,442,430;2,350;2,370;2,320;15,314;43,754
2023-04-18;2,350;0;1,478;3,469,750;2,350;2,350;2,340;15,185;43,385
2023-04-17;2,350;0;2,352;5,523,200;2,350;2,350;2,340;15,185;43,385
2023-04-13;2,350;0;13,314;30,975,930;2,330;2,370;2,300;15,185;43,385
2023-04-12;2,350;20;7,790;18,162,140;2,350;2,370;2,300;15,185;43,385
2023-04-11;2,370;10;1,472;3,470,980;2,360;2,370;2,350;15,314;43,754
2023-04-10;2,360;0;1,920;4,525,310;2,360;2,360;2,350;15,249;43,569
2023-04-07;2,360;0;6,764;15,965,310;2,370;2,380;2,350;15,249;43,569
2023-04-06;2,360;10;4,753;11,180,400;2,360;2,370;2,350;15,249;43,569
2023-04-05;2,370;0;776;1,836,100;2,360;2,370;2,360;15,314;43,754
2023-04-04;2,370;0;1,046;2,468,760;2,370;2,370;2,360;15,314;43,754
2023-04-03;2,370;20;723;1,702,070;2,370;2,370;2,330;15,314;43,754
2023-03-31;2,350;20;303;717,190;2,370;2,370;2,350;15,185;43,385
2023-03-30;2,370;0;630;1,486,880;2,360;2,370;2,360;15,314;43,754
2023-03-29;2,370;10;4,735;11,067,070;2,380;2,380;2,330;15,314;43,754
2023-03-28;2,360;10;3,162;7,418,980;2,320;2,360;2,320;15,249;43,569
2023-03-27;2,370;10;501;1,181,860;2,360;2,370;2,350;15,314;43,754
2023-03-24;2,360;0;5,294;12,403,700;2,370;2,370;2,330;15,249;43,569
2023-03-23;2,360;0;7,112;16,694,340;2,360;2,370;2,340;15,249;43,569
2023-03-22;2,360;10;1,476;3,470,290;2,340;2,370;2,340;15,249;43,569
2023-03-21;2,370;10;5,542;12,846,410;2,310;2,370;2,310;15,314;43,754
2023-03-20;2,380;0;11,544;27,347,680;2,370;2,380;2,360;15,378;43,938
2023-03-17;2,380;0;5,500;13,002,440;2,380;2,380;2,360;15,378;43,938
2023-03-16;2,380;0;2,504;5,944,180;2,370;2,380;2,360;15,378;43,938
2023-03-15;2,380;20;6,856;16,291,900;2,380;2,390;2,360;15,378;43,938
2023-03-14;2,360;40;15,893;37,653,060;2,400;2,400;2,350;15,249;43,569
2023-03-13;2,400;10;6,831;16,273,140;2,380;2,400;2,370;15,508;44,308
2023-03-10;2,410;10;1,447;3,459,120;2,400;2,410;2,390;15,572;44,492
2023-03-09;2,400;0;1,967;4,720,800;2,400;2,400;2,400;15,508;44,308
2023-03-07;2,400;10;4,363;10,470,580;2,410;2,410;2,390;15,508;44,308
2023-03-06;2,410;0;1,853;4,464,890;2,420;2,420;2,400;15,572;44,492
2023-03-03;2,410;10;913;2,194,040;2,400;2,410;2,400;15,572;44,492
2023-03-02;2,400;10;2,140;5,136,880;2,420;2,420;2,400;15,508;44,308
2023-03-01;2,410;10;1,728;4,157,230;2,420;2,420;2,400;15,572;44,492
2023-02-28;2,420;10;3,826;9,198,840;2,410;2,420;2,400;15,637;44,677
2023-02-27;2,410;10;4,660;11,215,330;2,410;2,420;2,400;15,572;44,492
2023-02-24;2,420;0;6,524;15,754,720;2,420;2,420;2,400;15,637;44,677
2023-02-23;2,420;0;3,909;9,399,770;2,430;2,430;2,400;15,637;44,677
2023-02-22;2,420;10;3,701;8,928,790;2,420;2,420;2,410;15,637;44,677
2023-02-21;2,430;0;5,352;12,962,140;2,420;2,440;2,410;15,702;44,862
2023-02-20;2,430;10;1,841;4,470,700;2,440;2,440;2,420;15,702;44,862
2023-02-17;2,440;10;6,751;16,408,400;2,430;2,440;2,430;15,766;45,046
2023-02-16;2,450;10;21,112;51,430,040;2,430;2,450;2,420;15,831;45,231
2023-02-15;2,440;20;6,062;14,720,030;2,430;2,440;2,420;15,766;45,046
2023-02-14;2,420;20;3,559;8,615,750;2,440;2,440;2,420;15,637;44,677
2023-02-13;2,440;0;396;966,020;2,440;2,440;2,420;15,766;45,046
2023-02-10;2,440;0;530;1,292,100;2,440;2,440;2,430;15,766;45,046
2023-02-09;2,440;0;475;1,154,590;2,440;2,440;2,430;15,766;45,046
2023-02-08;2,440;0;667;1,625,960;2,440;2,440;2,430;15,766;45,046
2023-02-07;2,440;0;2,451;5,912,220;2,440;2,440;2,390;15,766;45,046
2023-02-06;2,440;0;1,187;2,889,400;2,440;2,440;2,420;15,766;45,046
2023-02-03;2,440;0;3,995;9,760,370;2,440;2,450;2,430;15,766;45,046
2023-02-02;2,440;10;1,633;3,976,890;2,430;2,440;2,410;15,766;45,046
2023-02-01;2,430;10;348;845,300;2,440;2,440;2,420;15,702;44,862
2023-01-31;2,440;10;3,878;9,399,940;2,400;2,440;2,400;15,766;45,046
2023-01-30;2,430;0;1,134;2,741,590;2,430;2,430;2,410;15,702;44,862
2023-01-27;2,430;10;560;1,353,170;2,420;2,430;2,400;15,702;44,862
2023-01-26;2,420;10;7,343;17,753,970;2,410;2,430;2,400;15,637;44,677
2023-01-25;2,410;0;1,208;2,910,280;2,410;2,410;2,400;15,572;44,492
2023-01-24;2,410;10;10,784;25,709,370;2,420;2,420;2,380;15,572;44,492
2023-01-23;2,420;10;10,146;24,323,570;2,410;2,420;2,380;15,637;44,677
2023-01-20;2,410;10;726;1,754,380;2,420;2,420;2,400;15,572;44,492
2023-01-19;2,400;10;3,382;8,109,400;2,420;2,420;2,380;15,508;44,308
2023-01-18;2,410;10;4,670;11,180,500;2,420;2,420;2,380;15,572;44,492
2023-01-17;2,420;0;2,389;5,734,980;2,420;2,420;2,400;15,637;44,677
2023-01-16;2,420;10;682;1,649,440;2,420;2,420;2,410;15,637;44,677
2023-01-13;2,430;10;5,056;12,192,640;2,420;2,430;2,410;15,702;44,862
2023-01-12;2,420;0;1,437;3,459,990;2,420;2,420;2,400;15,637;44,677
2023-01-11;2,420;10;319;766,940;2,420;2,420;2,400;15,637;44,677
2023-01-10;2,410;20;17,484;41,790,350;2,390;2,410;2,380;15,572;44,492
2023-01-09;2,390;10;815;1,950,900;2,400;2,400;2,390;15,443;44,123
2023-01-06;2,400;0;2,948;7,066,860;2,400;2,410;2,390;15,508;44,308
2023-01-05;2,400;10;2,177;5,237,450;2,410;2,420;2,400;15,508;44,308
2023-01-04;2,410;0;3,218;7,748,020;2,410;2,410;2,400;15,572;44,492
2023-01-03;2,410;0;578;1,391,830;2,410;2,410;2,400;15,572;44,492
2023-01-02;2,410;20;1,435;3,458,860;2,410;2,420;2,400;15,572;44,492
2022-12-30;2,390;0;6,866;16,431,160;2,410;2,410;2,390;15,443;44,123
2022-12-29;2,390;0;6,194;14,810,900;2,390;2,410;2,390;15,443;44,123
2022-12-28;2,390;10;1,530;3,643,730;2,390;2,390;2,380;15,443;44,123
2022-12-27;2,380;10;5,410;12,821,560;2,370;2,400;2,360;15,378;43,938
2022-12-26;2,370;0;5,113;12,196,090;2,370;2,420;2,370;15,314;43,754
2022-12-23;2,370;0;4,360;10,298,990;2,360;2,370;2,360;15,314;43,754
2022-12-22;2,370;0;1,189;2,807,930;2,370;2,370;2,360;15,314;43,754
2022-12-21;2,370;0;889;2,100,350;2,360;2,370;2,360;15,314;43,754
2022-12-20;2,370;0;1,931;4,558,570;2,360;2,370;2,360;15,314;43,754
2022-12-19;2,370;0;4,842;11,428,130;2,370;2,370;2,360;15,314;43,754
2022-12-16;2,370;0;995;2,356,730;2,370;2,370;2,360;15,314;43,754
2022-12-15;2,370;0;2,586;6,116,870;2,370;2,370;2,360;15,314;43,754
2022-12-14;2,370;0;1,073;2,542,200;2,370;2,370;2,360;15,314;43,754
2022-12-13;2,370;0;3,895;9,207,460;2,360;2,370;2,360;15,314;43,754
2022-12-12;2,370;0;13,715;32,340,400;2,370;2,380;2,350;15,314;43,754
2022-12-09;2,370;0;8,231;19,464,230;2,380;2,380;2,360;15,314;43,754
2022-12-08;2,370;10;6,076;14,460,310;2,380;2,380;2,370;15,314;43,754
2022-12-07;2,380;0;1,928;4,576,300;2,380;2,380;2,370;15,378;43,938
2022-12-06;2,380;0;9,513;22,504,380;2,380;2,380;2,360;15,378;43,938
2022-12-05;2,380;0;861;2,047,140;2,380;2,380;2,370;15,378;43,938
2022-12-02;2,380;10;10,008;23,721,010;2,370;2,380;2,370;15,378;43,938
2022-12-01;2,370;10;1,219;2,900,210;2,380;2,380;2,370;15,314;43,754
2022-11-30;2,380;20;371;877,990;2,380;2,380;2,360;15,378;43,938
2022-11-29;2,360;20;22,065;52,109,360;2,380;2,380;2,360;15,249;43,569
2022-11-28;2,380;0;822;1,953,360;2,380;2,380;2,370;15,378;43,938
2022-11-25;2,380;10;1,038;2,460,760;2,390;2,390;2,370;15,378;43,938
2022-11-24;2,370;10;10,713;25,299,610;2,360;2,370;2,360;15,314;43,754
2022-11-23;2,380;0;1,751;4,141,180;2,380;2,380;2,360;15,378;43,938
2022-11-22;2,380;0;856;2,032,060;2,390;2,390;2,370;15,378;43,938
2022-11-21;2,380;0;322;766,320;2,380;2,380;2,370;15,378;43,938
2022-11-18;2,380;30;1,237;2,938,720;2,370;2,390;2,370;15,378;43,938
2022-11-17;2,350;30;4,870;11,457,840;2,380;2,380;2,350;15,185;43,385
2022-11-16;2,380;10;2,972;7,073,530;2,390;2,390;2,370;15,378;43,938
2022-11-15;2,390;0;4,022;9,537,590;2,390;2,390;2,370;15,443;44,123
2022-11-14;2,390;0;5,289;12,508,510;2,390;2,390;2,360;15,443;44,123
2022-11-11;2,390;10;3,829;9,112,450;2,400;2,400;2,370;15,443;44,123
2022-11-10;2,400;0;667;1,593,330;2,400;2,400;2,380;15,508;44,308
2022-11-04;2,400;10;6,098;14,574,550;2,390;2,400;2,380;15,508;44,308
2022-11-03;2,390;0;1,186;2,828,850;2,390;2,400;2,380;15,443;44,123
2022-11-02;2,390;10;1,430;3,397,120;2,380;2,390;2,370;15,443;44,123
2022-11-01;2,380;0;448;1,063,860;2,380;2,390;2,370;15,378;43,938
2022-10-31;2,380;10;902;2,140,750;2,390;2,390;2,370;15,378;43,938
2022-10-28;2,390;10;1,902;4,512,080;2,380;2,390;2,370;15,443;44,123
2022-10-27;2,380;0;5,060;11,980,750;2,380;2,390;2,360;15,378;43,938
2022-10-26;2,380;10;1,331;3,144,370;2,380;2,380;2,360;15,378;43,938
2022-10-25;2,370;10;6,226;14,713,610;2,380;2,380;2,360;15,314;43,754
2022-10-24;2,380;10;3,696;8,772,410;2,380;2,380;2,370;15,378;43,938
2022-10-21;2,390;10;1,848;4,405,910;2,380;2,390;2,380;15,443;44,123
2022-10-20;2,380;10;1,450;3,436,530;2,370;2,380;2,370;15,378;43,938
2022-10-19;2,370;10;3,863;9,152,900;2,380;2,380;2,360;15,314;43,754
2022-10-18;2,380;10;2,207;5,211,720;2,360;2,380;2,360;15,378;43,938
2022-10-17;2,370;10;739;1,748,700;2,380;2,380;2,360;15,314;43,754
2022-10-14;2,380;0;41;97,580;2,380;2,380;2,380;15,378;43,938
2022-10-13;2,380;0;3,848;9,080,530;2,370;2,390;2,350;15,378;43,938
2022-10-12;2,380;10;611;1,444,960;2,400;2,440;2,360;15,378;43,938
2022-10-11;2,370;10;846;2,009,640;2,380;2,380;2,370;15,314;43,754
2022-10-10;2,380;10;3,307;7,815,080;2,370;2,380;2,360;15,378;43,938
2022-10-07;2,370;10;1,125;2,666,490;2,380;2,380;2,370;15,314;43,754
2022-10-06;2,380;0;61;145,260;2,390;2,390;2,380;15,378;43,938
2022-10-05;2,380;0;1,584;3,764,560;2,380;2,380;2,370;15,378;43,938
2022-10-04;2,380;10;844;2,004,560;2,380;2,380;2,370;15,378;43,938
2022-10-03;2,390;30;1,569;3,704,810;2,360;2,390;2,360;15,443;44,123
2022-09-30;2,360;20;2,736;6,486,480;2,390;2,390;2,360;15,249;43,569
2022-09-29;2,380;10;287;683,120;2,380;2,390;2,380;15,378;43,938
2022-09-28;2,390;0;168;400,280;2,380;2,390;2,380;15,443;44,123
2022-09-27;2,390;10;4,267;10,130,720;2,400;2,400;2,360;15,443;44,123
2022-09-23;2,400;0;355;851,800;2,390;2,400;2,390;15,508;44,308
2022-09-22;2,400;20;11,675;27,837,760;2,390;2,400;2,380;15,508;44,308
2022-09-21;2,380;0;9,229;21,929,030;2,380;2,380;2,360;15,378;43,938
2022-09-20;2,380;10;5,753;13,638,430;2,380;2,380;2,360;15,378;43,938
2022-09-19;2,390;10;2,833;6,747,080;2,380;2,390;2,370;15,443;44,123
2022-09-16;2,400;20;5,535;13,214,520;2,380;2,400;2,370;15,508;44,308
2022-09-15;2,380;0;1,262;2,997,650;2,390;2,390;2,370;15,378;43,938
2022-09-14;2,380;0;716;1,702,380;2,370;2,390;2,370;15,378;43,938
2022-09-13;2,380;10;408;973,670;2,390;2,390;2,380;15,378;43,938
2022-09-12;2,390;0;1,463;3,480,450;2,400;2,400;2,370;15,443;44,123
2022-09-09;2,390;0;690;1,648,090;2,390;2,390;2,380;15,443;44,123
2022-09-08;2,390;10;796;1,901,380;2,410;2,410;2,380;15,443;44,123
2022-09-07;2,380;10;1,465;3,486,670;2,400;2,400;2,370;15,378;43,938
2022-09-06;2,390;0;854;2,035,420;2,380;2,400;2,370;15,443;44,123
2022-09-05;2,390;10;744;1,781,050;2,400;2,400;2,380;15,443;44,123
2022-09-02;2,380;10;202;480,880;2,390;2,390;2,380;15,378;43,938
2022-09-01;2,370;10;4,646;11,015,740;2,370;2,380;2,360;15,314;43,754
2022-08-31;2,380;0;742;1,763,850;2,380;2,380;2,370;15,378;43,938
2022-08-30;2,380;20;550;1,312,390;2,390;2,390;2,380;15,378;43,938
2022-08-29;2,400;10;430;1,029,190;2,390;2,400;2,390;15,508;44,308
2022-08-26;2,390;10;4,539;10,843,030;2,370;2,390;2,370;15,443;44,123
2022-08-25;2,380;10;280;666,450;2,390;2,390;2,380;15,378;43,938
2022-08-24;2,370;20;1,287;3,058,440;2,390;2,390;2,370;15,314;43,754
2022-08-23;2,390;0;695;1,650,260;2,390;2,390;2,370;15,443;44,123
2022-08-22;2,390;0;359;853,510;2,370;2,390;2,370;15,443;44,123
2022-08-19;2,390;20;414;987,140;2,390;2,390;2,380;15,443;44,123
2022-08-18;2,370;10;528;1,254,060;2,380;2,390;2,370;15,314;43,754
2022-08-17;2,380;10;2,206;5,231,890;2,380;2,380;2,370;15,378;43,938
2022-08-16;2,390;10;1,113;2,647,310;2,390;2,390;2,370;15,443;44,123
2022-08-15;2,380;10;1,254;2,972,230;2,360;2,390;2,360;15,378;43,938
2022-08-12;2,370;0;710;1,688,920;2,370;2,400;2,370;15,314;43,754
2022-08-11;2,370;10;2,948;7,036,020;2,380;2,390;2,370;15,314;43,754
2022-08-10;2,380;10;1,245;2,956,880;2,370;2,380;2,370;15,378;43,938
2022-08-09;2,370;10;736;1,742,670;2,370;2,370;2,360;15,314;43,754
2022-08-08;2,360;20;22,962;53,463,740;2,380;2,380;2,300;15,249;43,569
2022-08-05;2,380;10;6,822;16,074,800;2,370;2,380;2,350;15,378;43,938
2022-08-04;2,370;20;3,864;9,159,370;2,390;2,390;2,370;15,314;43,754
2022-08-03;2,390;10;7,609;18,126,050;2,400;2,400;2,370;15,443;44,123
2022-08-02;2,400;20;3,894;9,286,430;2,380;2,400;2,370;15,508;44,308
2022-08-01;2,380;10;4,454;10,629,890;2,390;2,400;2,370;15,378;43,938
2022-07-29;2,390;0;562;1,343,250;2,400;2,400;2,390;15,443;44,123
2022-07-28;2,390;0;1,709;4,072,830;2,390;2,390;2,380;15,443;44,123
2022-07-27;2,390;10;3,181;7,588,300;2,400;2,400;2,380;15,443;44,123
2022-07-26;2,380;20;3,679;8,769,280;2,390;2,400;2,380;15,378;43,938
2022-07-25;2,400;0;2,328;5,546,770;2,420;2,420;2,380;15,508;44,308
2022-07-22;2,400;10;330;793,650;2,450;2,450;2,380;15,508;44,308
2022-07-21;2,390;0;2,536;6,049,030;2,390;2,390;2,370;15,443;44,123
2022-07-20;2,390;0;4,626;10,994,020;2,380;2,390;2,370;15,443;44,123
2022-07-19;2,390;0;3,717;8,834,130;2,390;2,390;2,370;15,443;44,123
2022-07-18;2,390;10;18,833;44,929,230;2,400;2,400;2,380;15,443;44,123
2022-07-15;2,400;10;984;2,363,710;2,410;2,410;2,400;15,508;44,308
2022-07-14;2,410;0;5,710;13,756,100;2,400;2,410;2,400;15,572;44,492
2022-07-13;2,410;0;1,966;4,728,060;2,410;2,410;2,400;15,572;44,492
2022-07-12;2,410;0;9,157;21,948,640;2,410;2,410;2,390;15,572;44,492
2022-07-11;2,410;10;3,006;7,234,350;2,410;2,410;2,400;15,572;44,492
2022-07-08;2,420;10;1,618;3,900,420;2,420;2,420;2,410;15,637;44,677
2022-07-07;2,410;0;16,119;38,730,770;2,400;2,420;2,400;15,572;44,492
2022-07-06;2,410;20;15,927;38,462,810;2,420;2,430;2,410;15,572;44,492
2022-07-05;2,430;10;16,615;40,233,090;2,430;2,430;2,420;15,702;44,862
2022-07-04;2,440;10;4,964;12,073,440;2,450;2,450;2,430;15,766;45,046
2022-07-01;2,450;0;4,684;11,413,350;2,460;2,460;2,430;15,831;45,231
2022-06-30;2,450;10;6,321;15,349,600;2,460;2,460;2,420;15,831;45,231
2022-06-29;2,440;0;4,043;9,845,660;2,450;2,450;2,430;15,766;45,046
2022-06-28;2,440;10;2,427;5,928,830;2,460;2,460;2,440;15,766;45,046
2022-06-27;2,450;10;6,296;15,377,630;2,470;2,470;2,440;15,831;45,231
2022-06-24;2,460;10;5,240;12,877,150;2,470;2,470;2,450;15,895;45,415
2022-06-23;2,450;10;6,162;15,118,870;2,440;2,460;2,430;15,831;45,231
2022-06-22;2,440;10;21,962;53,288,780;2,460;2,460;2,420;15,766;45,046
2022-06-21;2,450;20;2,327;5,712,580;2,470;2,470;2,450;15,831;45,231
2022-06-20;2,470;20;2,855;7,009,380;2,450;2,470;2,450;15,960;45,600
2022-06-17;2,450;30;23,441;57,370,910;2,480;2,480;2,440;15,831;45,231
2022-06-16;2,480;10;6,283;15,547,290;2,500;2,500;2,470;16,025;45,785
2022-06-15;2,490;20;6,148;15,339,260;2,500;2,510;2,490;16,089;45,969
2022-06-14;2,510;10;8,000;20,078,020;2,520;2,520;2,490;16,218;46,338
2022-06-13;2,520;90;67,126;167,621,110;2,490;2,530;2,470;16,283;46,523
2022-06-10;2,610;10;89,023;233,468,500;2,620;2,630;2,610;16,865;48,185
2022-06-09;2,620;20;74,061;193,890,330;2,620;2,630;2,610;16,929;48,369
2022-06-08;2,600;10;41,945;109,167,240;2,610;2,620;2,600;16,800;48,000
2022-06-07;2,610;10;46,672;121,636,990;2,600;2,620;2,600;16,865;48,185
2022-06-03;2,600;0;26,656;69,317,520;2,610;2,610;2,600;16,800;48,000
2022-06-02;2,600;10;31,327;81,469,170;2,610;2,610;2,600;16,800;48,000
2022-06-01;2,610;0;28,056;73,259,260;2,610;2,620;2,600;16,865;48,185
2022-05-31;2,610;10;7,759;20,262,960;2,620;2,630;2,600;16,865;48,185
2022-05-30;2,620;10;6,009;15,658,270;2,610;2,620;2,600;16,929;48,369
2022-05-27;2,610;30;28,387;73,797,630;2,580;2,620;2,580;16,865;48,185
2022-05-26;2,580;10;3,395;8,774,730;2,590;2,590;2,580;16,671;47,631
2022-05-25;2,590;0;14,006;36,139,940;2,580;2,590;2,580;16,735;47,815
2022-05-24;2,590;0;2,669;6,888,870;2,580;2,590;2,570;16,735;47,815
2022-05-23;2,590;0;2,108;5,451,790;2,590;2,590;2,580;16,735;47,815
2022-05-20;2,590;20;18,141;46,745,860;2,590;2,590;2,570;16,735;47,815
2022-05-18;2,570;20;6,860;17,738,060;2,590;2,590;2,570;16,606;47,446
2022-05-17;2,590;0;1,790;4,625,230;2,590;2,600;2,580;16,735;47,815
2022-05-16;2,590;0;8,089;20,894,240;2,590;2,600;2,570;16,735;47,815
2022-05-13;2,590;0;2,866;7,401,700;2,590;2,590;2,580;16,735;47,815
2022-05-12;2,590;10;10,204;26,286,380;2,580;2,590;2,570;16,735;47,815
2022-05-11;2,580;10;7,912;20,351,510;2,570;2,580;2,570;16,671;47,631
2022-05-10;2,570;0;4,030;10,292,220;2,570;2,570;2,550;16,606;47,446
2022-05-09;2,570;0;2,721;6,971,670;2,570;2,570;2,550;16,606;47,446
2022-05-06;2,570;0;3,877;9,964,290;2,570;2,580;2,570;16,606;47,446
2022-05-05;2,570;10;8,017;20,566,180;2,580;2,580;2,550;16,606;47,446
2022-05-04;2,580;0;18,666;48,077,680;2,590;2,590;2,570;16,671;47,631
2022-05-03;2,580;20;78,078;200,803,630;2,570;2,600;2,550;16,671;47,631
2022-05-02;2,560;10;11,833;30,251,330;2,580;2,580;2,550;16,542;47,262
2022-04-29;2,570;0;6,523;16,715,720;2,570;2,570;2,550;16,606;47,446
2022-04-28;2,570;10;4,499;11,510,660;2,560;2,580;2,550;16,606;47,446
2022-04-27;2,560;0;4,632;11,847,540;2,570;2,570;2,550;16,542;47,262
2022-04-26;2,560;30;26,249;67,029,450;2,560;2,600;2,530;16,542;47,262
2022-04-25;2,590;0;10,080;25,963,270;2,590;2,590;2,570;16,735;47,815
2022-04-22;2,590;10;7,672;19,823,840;2,580;2,590;2,570;16,735;47,815
2022-04-21;2,580;0;8,146;20,875,530;2,580;2,590;2,540;16,671;47,631
2022-04-20;2,580;10;11,112;28,479,660;2,570;2,580;2,560;16,671;47,631
2022-04-19;2,570;20;8,872;22,816,540;2,590;2,590;2,560;16,606;47,446
2022-04-18;2,590;0;18,225;46,975,270;2,590;2,600;2,570;16,735;47,815
2022-04-13;2,590;10;19,678;50,779,910;2,590;2,590;2,560;16,735;47,815
2022-04-12;2,580;0;13,872;35,600,340;2,570;2,580;2,550;16,671;47,631
2022-04-11;2,580;20;46,768;120,204,650;2,580;2,590;2,560;16,671;47,631
2022-04-08;2,560;50;27,985;71,052,250;2,510;2,560;2,510;16,542;47,262
2022-04-07;2,510;80;13,965;34,764,590;2,530;2,530;2,420;16,218;46,338
2022-04-06;2,430;120;69,799;169,931,850;2,470;2,490;2,400;15,702;44,862
2022-04-05;2,550;10;21,637;54,980,790;2,560;2,580;2,520;16,477;47,077
2022-04-04;2,560;0;11,740;29,998,110;2,570;2,580;2,550;16,542;47,262
2022-04-01;2,560;10;6,934;17,722,170;2,570;2,570;2,550;16,542;47,262
2022-03-31;2,550;30;69,398;177,583,720;2,600;2,600;2,550;16,477;47,077
2022-03-30;2,580;20;6,900;17,788,960;2,580;2,590;2,570;16,671;47,631
2022-03-29;2,600;0;32,187;82,965,000;2,600;2,600;2,560;16,800;48,000
2022-03-28;2,600;20;15,858;41,228,550;2,620;2,620;2,590;16,800;48,000
2022-03-25;2,620;10;9,609;25,079,700;2,630;2,630;2,600;16,929;48,369
2022-03-24;2,630;10;16,798;43,885,190;2,610;2,630;2,590;16,994;48,554
2022-03-23;2,620;0;22,774;59,469,590;2,630;2,640;2,600;16,929;48,369
2022-03-22;2,620;0;28,503;74,253,060;2,630;2,630;2,580;16,929;48,369
2022-03-21;2,620;0;20,964;55,063,550;2,640;2,650;2,610;16,929;48,369
2022-03-18;2,620;0;12,214;31,961,040;2,620;2,630;2,600;16,929;48,369
2022-03-17;2,620;20;40,229;104,466,500;2,600;2,630;2,570;16,929;48,369
2022-03-16;2,600;0;94,232;243,509,500;2,560;2,620;2,550;16,800;48,000
2022-03-15;2,600;10;69,888;181,568,560;2,590;2,620;2,570;16,800;48,000
2022-03-14;2,590;50;111,070;285,376,880;2,550;2,590;2,540;16,735;47,815
2022-03-11;2,540;40;74,751;187,638,120;2,510;2,540;2,470;16,412;46,892
2022-03-10;2,500;10;36,857;91,986,940;2,510;2,520;2,490;16,154;46,154
2022-03-09;2,510;20;60,289;150,891,460;2,490;2,520;2,490;16,218;46,338
2022-03-07;2,490;20;64,752;160,882,440;2,480;2,500;2,470;16,089;45,969
2022-03-04;2,470;30;27,883;68,419,000;2,440;2,470;2,440;15,960;45,600
2022-03-03;2,440;0;25,578;61,805,370;2,440;2,440;2,400;15,766;45,046
2022-03-02;2,440;0;9,346;22,779,650;2,440;2,450;2,420;15,766;45,046
2022-03-01;2,440;30;94,823;229,358,590;2,440;2,460;2,380;15,766;45,046
2022-02-28;2,410;10;29,082;70,180,200;2,420;2,430;2,400;15,572;44,492
2022-02-25;2,420;10;44,286;106,258,330;2,400;2,440;2,360;15,637;44,677
2022-02-24;2,430;50;94,012;230,652,570;2,500;2,520;2,420;15,702;44,862
2022-02-23;2,480;80;188,523;472,239,860;2,440;2,630;2,440;16,025;45,785
2022-02-22;2,400;20;47,151;112,672,800;2,390;2,400;2,380;15,508;44,308
2022-02-21;2,380;0;50,303;119,768,070;2,380;2,400;2,370;15,378;43,938
2022-02-18;2,380;10;24,671;58,727,500;2,370;2,400;2,370;15,378;43,938
2022-02-17;2,370;0;21,362;50,550,030;2,380;2,380;2,360;15,314;43,754
2022-02-16;2,370;0;34,916;82,287,830;2,380;2,380;2,350;15,314;43,754
2022-02-15;2,370;10;16,034;37,902,640;2,370;2,380;2,350;15,314;43,754
2022-02-14;2,380;10;32,668;77,256,560;2,390;2,390;2,350;15,378;43,938
2022-02-11;2,370;10;31,948;75,637,280;2,340;2,390;2,340;15,314;43,754
2022-02-10;2,360;50;27,956;65,915,110;2,390;2,420;2,330;15,249;43,569
2022-02-09;2,410;70;98,761;237,231,410;2,350;2,450;2,350;15,572;44,492
2022-02-08;2,340;40;33,128;76,778,700;2,290;2,350;2,290;15,120;43,200
2022-02-07;2,300;30;17,935;41,292,620;2,320;2,330;2,300;14,862;42,462
2022-02-04;2,330;10;344;800,820;2,330;2,330;2,320;15,055;43,015
2022-02-03;2,320;10;3,220;7,443,160;2,330;2,340;2,300;14,991;42,831
2022-02-02;2,330;10;4,489;10,426,790;2,330;2,340;2,310;15,055;43,015
2022-02-01;2,320;0;1,324;3,072,270;2,330;2,340;2,310;14,991;42,831
2022-01-31;2,320;10;5,730;13,261,980;2,310;2,320;2,300;14,991;42,831
2022-01-28;2,310;0;1,049;2,412,910;2,300;2,310;2,300;14,926;42,646
2022-01-27;2,310;0;3,206;7,389,430;2,310;2,310;2,300;14,926;42,646
2022-01-26;2,310;0;1,681;3,873,170;2,300;2,310;2,300;14,926;42,646
2022-01-25;2,310;0;3,444;7,923,210;2,310;2,310;2,290;14,926;42,646
2022-01-24;2,310;0;2,062;4,750,250;2,310;2,310;2,300;14,926;42,646
2022-01-21;2,310;10;6,277;14,409,850;2,310;2,310;2,290;14,926;42,646
2022-01-20;2,300;10;6,138;14,123,710;2,310;2,310;2,290;14,862;42,462
2022-01-19;2,310;0;4,222;9,725,240;2,310;2,310;2,300;14,926;42,646
2022-01-18;2,310;10;3,880;8,929,520;2,310;2,310;2,300;14,926;42,646
2022-01-17;2,300;10;2,671;6,117,130;2,290;2,300;2,290;14,862;42,462
2022-01-14;2,290;0;12,738;29,023,330;2,310;2,310;2,270;14,797;42,277
2022-01-13;2,290;10;620;1,433,490;2,320;2,320;2,290;14,797;42,277
2022-01-12;2,300;10;4,443;10,183,080;2,290;2,310;2,290;14,862;42,462
2022-01-11;2,290;10;2,738;6,316,370;2,310;2,310;2,290;14,797;42,277
2022-01-10;2,300;0;10,221;23,690,400;2,300;2,320;2,300;14,862;42,462
2022-01-06;2,300;30;1,070;2,430,660;2,300;2,300;2,270;14,862;42,462
2022-01-05;2,270;20;46,185;105,228,470;2,280;2,310;2,260;14,668;41,908
2022-01-04;2,290;10;4,301;9,821,440;2,320;2,320;2,280;14,797;42,277
2022-01-03;2,280;30;21,415;48,716,910;2,310;2,310;2,260;14,732;42,092
2021-12-31;2,310;10;13,131;30,266,380;2,330;2,330;2,290;14,926;42,646
2021-12-30;2,320;30;37,829;86,710,330;2,290;2,350;2,270;14,991;42,831
2021-12-29;2,290;0;5,957;13,616,380;2,290;2,300;2,280;14,797;42,277
2021-12-28;2,290;10;2,468;5,639,600;2,290;2,290;2,270;14,797;42,277
2021-12-27;2,280;10;1,194;2,728,160;2,290;2,290;2,270;14,732;42,092
2021-12-24;2,290;20;3,566;8,111,350;2,290;2,290;2,270;14,797;42,277
2021-12-23;2,270;20;3,601;8,210,850;2,290;2,290;2,270;14,668;41,908
2021-12-22;2,290;20;5,520;12,563,640;2,270;2,290;2,260;14,797;42,277
2021-12-21;2,270;0;5,531;12,571,170;2,270;2,280;2,260;14,668;41,908
2021-12-20;2,270;20;2,687;6,105,000;2,290;2,290;2,270;14,668;41,908
2021-12-17;2,290;10;1,308;2,985,810;2,300;2,300;2,280;14,797;42,277
2021-12-16;2,300;0;1,317;3,018,810;2,300;2,320;2,290;14,862;42,462
2021-12-15;2,300;10;3,085;7,082,740;2,300;2,320;2,280;14,862;42,462
2021-12-14;2,290;20;2,944;6,724,510;2,290;2,290;2,260;14,797;42,277
2021-12-13;2,270;10;2,667;6,048,300;2,290;2,290;2,240;14,668;41,908
2021-12-10;2,260;0;5,444;12,334,420;2,250;2,300;2,250;14,603;41,723
2021-12-09;2,260;30;2,971;6,687,290;2,280;2,290;2,240;14,603;41,723
2021-12-08;2,290;70;35,218;81,247,910;2,360;2,360;2,230;14,797;42,277
2021-12-07;2,360;50;48,696;114,449,820;2,330;2,380;2,320;15,249;43,569
2021-12-06;2,310;20;40,572;93,506,960;2,290;2,340;2,280;14,926;42,646
2021-12-03;2,290;10;32,550;74,286,060;2,280;2,290;2,260;14,797;42,277
2021-12-02;2,280;20;18,424;41,775,380;2,260;2,280;2,260;14,732;42,092
2021-12-01;2,260;0;9,707;21,916,940;2,260;2,270;2,250;14,603;41,723
2021-11-30;2,260;0;4,198;9,466,750;2,260;2,270;2,250;14,603;41,723
2021-11-29;2,260;20;47,312;107,298,040;2,220;2,300;2,220;14,603;41,723
2021-11-26;2,240;40;15,906;35,102,470;2,200;2,240;2,190;14,474;41,354
2021-11-25;2,200;30;2,796;6,108,610;2,180;2,200;2,180;14,215;40,615
2021-11-24;2,170;20;8,810;19,163,070;2,180;2,200;2,170;14,022;40,062
2021-11-23;2,190;0;2,683;5,857,860;2,190;2,200;2,170;14,151;40,431
2021-11-22;2,190;10;12,168;26,476,060;2,210;2,210;2,170;14,151;40,431
2021-11-17;2,200;10;5,090;11,115,480;2,190;2,200;2,180;14,215;40,615
2021-11-16;2,190;0;4,822;10,535,940;2,180;2,200;2,180;14,151;40,431
2021-11-15;2,190;10;9,977;21,776,130;2,200;2,200;2,180;14,151;40,431
2021-11-12;2,200;0;2,402;5,262,540;2,200;2,200;2,180;14,215;40,615
2021-11-11;2,200;10;18,378;40,146,710;2,190;2,210;2,180;14,215;40,615
2021-11-10;2,190;10;20,539;45,304,540;2,210;2,230;2,190;14,151;40,431
2021-11-08;2,200;20;5,409;11,923,960;2,220;2,220;2,200;14,215;40,615
2021-11-05;2,220;0;5,280;11,630,370;2,220;2,230;2,200;14,345;40,985
2021-11-04;2,220;10;5,121;11,311,340;2,230;2,230;2,200;14,345;40,985
2021-11-03;2,230;0;24,851;54,799,830;2,230;2,240;2,200;14,409;41,169
2021-11-02;2,230;20;15,666;34,671,460;2,230;2,230;2,200;14,409;41,169
2021-11-01;2,210;30;16,734;37,144,000;2,240;2,240;2,210;14,280;40,800
2021-10-28;2,240;10;6,131;13,653,460;2,240;2,250;2,220;14,474;41,354
2021-10-27;2,230;10;15,198;33,715,170;2,220;2,240;2,210;14,409;41,169
2021-10-26;2,240;10;3,179;7,079,420;2,250;2,250;2,220;14,474;41,354
2021-10-25;2,230;20;6,794;15,192,560;2,240;2,250;2,230;14,409;41,169
2021-10-22;2,250;20;6,443;14,496,200;2,250;2,270;2,240;14,538;41,538
2021-10-21;2,230;0;1,286;2,879,630;2,240;2,240;2,230;14,409;41,169
2021-10-20;2,230;10;16,284;36,010,950;2,240;2,240;2,200;14,409;41,169
2021-10-19;2,220;20;15,114;33,619,400;2,250;2,250;2,210;14,345;40,985
2021-10-18;2,240;10;11,231;25,097,350;2,250;2,250;2,220;14,474;41,354
2021-10-14;2,250;10;10,081;22,642,930;2,250;2,260;2,230;14,538;41,538
2021-10-13;2,240;0;4,682;10,509,710;2,250;2,250;2,240;14,474;41,354
2021-10-12;2,240;20;13,819;30,901,730;2,250;2,250;2,230;14,474;41,354
2021-10-11;2,260;0;19,013;42,683,380;2,260;2,260;2,240;14,603;41,723
2021-10-08;2,260;0;22,760;51,081,050;2,260;2,260;2,240;14,603;41,723
2021-10-04;2,260;0;39,003;87,916,310;2,270;2,270;2,240;14,603;41,723
2021-10-01;2,260;10;59,358;133,546,260;2,280;2,290;2,240;14,603;41,723
2021-09-30;2,250;20;38,278;86,255,960;2,280;2,280;2,250;14,538;41,538
2021-09-29;2,270;0;31,621;71,341,430;2,250;2,280;2,250;14,668;41,908
2021-09-28;2,270;10;23,124;52,392,780;2,280;2,300;2,260;14,668;41,908
2021-09-27;2,280;40;14,285;32,823,770;2,320;2,330;2,280;14,732;42,092
2021-09-23;2,320;0;3,977;9,168,100;2,320;2,320;2,290;14,991;42,831
2021-09-22;2,320;0;6,351;14,622,500;2,320;2,320;2,300;14,991;42,831
2021-09-21;2,320;20;27,232;62,855,380;2,300;2,330;2,300;14,991;42,831
2021-09-20;2,300;10;8,025;18,347,900;2,310;2,310;2,270;14,862;42,462
2021-09-17;2,310;20;49,532;114,095,180;2,300;2,350;2,280;14,926;42,646
2021-09-16;2,290;20;25,339;58,094,660;2,300;2,310;2,250;14,797;42,277
2021-09-15;2,270;40;49,116;111,329,810;2,310;2,330;2,250;14,668;41,908
2021-09-14;2,310;20;27,435;63,619,370;2,330;2,350;2,300;14,926;42,646
2021-09-13;2,330;60;79,186;184,709,820;2,380;2,380;2,300;15,055;43,015
2021-09-10;2,390;0;40,434;96,597,410;2,400;2,400;2,380;15,443;44,123
2021-09-09;2,390;10;18,974;45,507,630;2,420;2,420;2,390;15,443;44,123
2021-09-08;2,400;40;44,458;107,068,010;2,430;2,430;2,400;15,508;44,308
2021-09-07;2,440;0;52,547;127,548,650;2,450;2,450;2,410;15,766;45,046
2021-09-06;2,440;20;351,341;855,783,700;2,420;2,520;2,390;15,766;45,046
