Date;Closing Price;Change;Trading Volume (shr);Trading Value (KHR);Opening;High;Low;Market Cap. (Mil.KHR);Full Market Cap. (Mil.KHR)
2025-09-19;2,770;10;36;99,620;2,770;2,770;2,760;71,217;71,217
2025-09-18;2,760;10;74;204,300;2,770;2,770;2,760;70,960;70,960
2025-09-17;2,770;10;9;24,920;2,780;2,780;2,760;71,217;71,217
2025-09-16;2,780;0;50;139,010;2,790;2,790;2,780;71,474;71,474
2025-09-15;2,780;10;94;263,370;2,870;2,870;2,780;71,474;71,474
2025-09-12;2,770;0;119;329,420;2,770;2,770;2,760;71,217;71,217
2025-09-11;2,770;130;35;97,740;2,800;2,800;2,750;71,217;71,217
2025-09-10;2,900;140;596;1,651,660;2,760;2,900;2,760;74,559;74,559
2025-09-09;2,760;20;166;459,770;2,780;2,780;2,760;70,960;70,960
2025-09-08;2,780;0;63;175,130;2,780;2,780;2,770;71,474;71,474
2025-09-05;2,780;0;110;304,800;2,780;2,780;2,770;71,474;71,474
2025-09-04;2,780;10;32;89,070;2,790;2,790;2,760;71,474;71,474
2025-09-03;2,790;0;250;697,150;2,790;2,790;2,740;71,731;71,731
2025-09-02;2,790;10;596;1,657,120;2,800;2,800;2,780;71,731;71,731
2025-09-01;2,800;20;209;591,770;2,880;2,890;2,780;71,988;71,988
2025-08-29;2,780;0;20;55,730;2,870;2,870;2,780;71,474;71,474
2025-08-28;2,780;10;697;1,931,510;2,840;2,840;2,770;71,474;71,474
2025-08-27;2,770;10;1,645;4,556,260;2,780;2,780;2,600;71,217;71,217
2025-08-26;2,780;0;1,501;4,170,790;2,790;2,790;2,770;71,474;71,474
2025-08-25;2,780;10;806;2,240,560;2,780;2,780;2,760;71,474;71,474
2025-08-22;2,770;10;557;1,542,900;2,780;2,780;2,770;71,217;71,217
2025-08-21;2,780;10;33;90,760;2,770;2,780;2,710;71,474;71,474
2025-08-20;2,770;10;1,036;2,691,050;2,780;2,780;2,590;71,217;71,217
2025-08-19;2,780;0;222;615,970;2,790;2,790;2,680;71,474;71,474
2025-08-18;2,780;20;13;35,840;2,750;2,780;2,750;71,474;71,474
2025-08-15;2,760;0;22;60,720;2,760;2,760;2,760;70,960;70,960
2025-08-14;2,760;10;28;77,140;2,770;2,770;2,750;70,960;70,960
2025-08-13;2,770;10;441;1,219,910;2,780;2,780;2,760;71,217;71,217
2025-08-12;2,780;0;38;105,650;2,780;2,790;2,780;71,474;71,474
2025-08-11;2,780;10;30;81,980;2,790;2,790;2,700;71,474;71,474
2025-08-08;2,790;0;12;33,890;2,810;3,020;2,790;71,731;71,731
2025-08-07;2,790;20;36;100,440;2,790;2,790;2,790;71,731;71,731
2025-08-06;2,770;10;110;303,680;2,760;2,770;2,760;71,217;71,217
2025-08-05;2,780;20;101;281,780;2,790;2,790;2,780;71,474;71,474
2025-08-04;2,760;20;1,050;2,899,490;2,780;2,780;2,630;70,960;70,960
2025-08-01;2,780;0;111;306,600;2,780;2,780;2,750;71,474;71,474
2025-07-31;2,780;10;98;272,340;2,780;2,780;2,770;71,474;71,474
2025-07-30;2,790;20;714;1,867,830;2,800;2,800;2,600;71,731;71,731
2025-07-29;2,810;20;23;64,900;2,900;2,900;2,810;72,245;72,245
2025-07-28;2,790;100;224;604,810;2,690;2,790;2,690;71,731;71,731
2025-07-25;2,690;100;8;21,720;2,790;2,790;2,690;69,160;69,160
2025-07-24;2,790;0;622;1,738,360;2,780;2,800;2,770;71,731;71,731
2025-07-23;2,790;20;114;316,540;2,770;2,790;2,770;71,731;71,731
2025-07-22;2,770;10;20;55,520;2,780;2,790;2,770;71,217;71,217
2025-07-21;2,780;0;1,134;3,102,750;2,800;2,800;2,730;71,474;71,474
2025-07-18;2,780;20;2,011;5,589,760;2,820;2,820;2,770;71,474;71,474
2025-07-17;2,800;0;12;33,380;2,780;2,800;2,780;71,988;71,988
2025-07-16;2,800;0;376;1,053,860;2,800;2,820;2,800;71,988;71,988
2025-07-15;2,800;0;243;686,420;2,840;2,850;2,800;71,988;71,988
2025-07-14;2,800;60;97;269,490;2,780;2,800;2,740;71,988;71,988
2025-07-11;2,740;30;441;1,184,120;2,760;2,760;2,630;70,445;70,445
2025-07-10;2,770;10;398;1,062,960;2,620;2,780;2,620;71,217;71,217
2025-07-09;2,780;20;21;58,520;2,790;2,790;2,780;71,474;71,474
2025-07-08;2,800;20;169;471,840;2,800;2,810;2,760;71,988;71,988
2025-07-07;2,820;60;155;434,330;2,860;2,860;2,710;72,502;72,502
2025-07-04;2,880;130;131;359,750;2,740;2,880;2,740;74,045;74,045
2025-07-03;2,750;10;67;181,890;2,790;2,790;2,690;70,703;70,703
2025-07-02;2,740;50;201;542,280;2,750;2,750;2,630;70,445;70,445
2025-07-01;2,690;70;1,321;3,605,910;2,660;2,790;2,660;69,160;69,160
2025-06-30;2,760;0;278;785,300;2,760;2,800;2,760;70,960;70,960
2025-06-27;2,760;10;578;1,589,220;2,750;2,760;2,730;70,960;70,960
2025-06-26;2,750;20;262;719,530;2,770;2,770;2,720;70,703;70,703
2025-06-25;2,770;20;1,077;2,971,860;2,790;2,790;2,720;71,217;71,217
2025-06-24;2,790;0;169;471,030;2,780;2,790;2,770;71,731;71,731
2025-06-23;2,790;10;1,865;5,127,600;2,790;2,800;2,700;71,731;71,731
2025-06-20;2,800;30;2,253;6,055,470;2,670;2,810;2,670;71,988;71,988
2025-06-19;2,830;0;687;1,934,920;2,830;2,830;2,800;72,759;72,759
2025-06-17;2,830;30;625;1,746,120;2,800;2,870;2,780;72,759;72,759
2025-06-16;2,800;0;559;1,573,260;2,820;2,820;2,780;71,988;71,988
2025-06-13;2,800;10;410;1,146,910;2,790;2,840;2,790;71,988;71,988
2025-06-12;2,790;40;918;2,560,940;2,790;2,820;2,730;71,731;71,731
2025-06-11;2,830;10;482;1,361,580;2,840;2,840;2,820;72,759;72,759
2025-06-10;2,840;0;959;2,717,000;2,840;2,860;2,830;73,016;73,016
2025-06-09;2,840;0;595;1,678,920;2,810;2,840;2,810;73,016;73,016
2025-06-06;2,840;20;1,788;5,040,250;2,850;2,870;2,800;73,016;73,016
2025-06-05;2,860;0;684;1,948,210;2,850;2,870;2,840;73,531;73,531
2025-06-04;2,860;10;1,463;4,172,770;2,850;2,880;2,820;73,531;73,531
2025-06-03;2,850;10;4,186;11,841,230;2,840;2,900;2,800;73,274;73,274
2025-06-02;2,840;90;309;876,950;2,850;2,870;2,760;73,016;73,016
2025-05-30;2,750;50;628;1,735,920;2,720;2,750;2,700;70,703;70,703
2025-05-29;2,700;30;136;365,420;2,740;2,740;2,650;69,417;69,417
2025-05-28;2,670;30;741;1,965,720;2,700;2,700;2,640;68,646;68,646
2025-05-27;2,640;40;6,185;16,472,560;2,650;2,770;2,640;67,874;67,874
2025-05-26;2,600;190;9,813;26,027,700;2,910;2,910;2,600;66,846;66,846
2025-05-23;2,790;20;1,069;3,025,030;2,810;2,850;2,770;71,731;71,731
2025-05-22;2,810;40;1,396;3,892,600;2,850;2,850;2,700;72,245;72,245
2025-05-21;2,770;60;4,114;11,555,720;2,830;3,000;2,750;71,217;71,217
2025-05-20;2,830;50;1,898;5,398,720;2,880;2,880;2,820;72,759;72,759
2025-05-19;2,880;160;3,481;9,634,720;2,900;2,920;2,600;74,045;74,045
2025-05-16;2,720;140;2,129;5,927,040;2,880;3,000;2,610;69,931;69,931
2025-05-13;2,860;0;3,910;11,425,400;3,090;3,090;2,850;73,531;73,531
2025-05-12;2,860;270;6,021;17,870,980;3,010;3,190;2,820;73,531;73,531
2025-05-09;3,130;310;281;884,880;3,400;3,400;3,130;80,472;80,472
2025-05-08;3,440;290;349;1,168,460;3,150;3,440;3,150;88,442;88,442
2025-05-07;3,150;10;15;47,470;3,160;3,170;3,120;80,987;80,987
2025-05-06;3,160;30;55;173,950;3,190;3,190;3,110;81,244;81,244
2025-05-05;3,190;40;321;1,009,250;3,150;3,200;3,080;82,015;82,015
2025-05-02;3,150;30;1,033;3,221,450;3,160;3,170;3,090;80,987;80,987
2025-04-30;3,180;10;1,227;3,908,820;3,070;3,180;3,060;81,758;81,758
2025-04-29;3,170;20;469;1,483,860;3,250;3,250;3,140;81,501;81,501
2025-04-28;3,190;30;421;1,336,260;3,160;3,190;3,060;82,015;82,015
2025-04-25;3,160;10;445;1,403,620;3,150;3,160;3,100;81,244;81,244
2025-04-24;3,150;10;913;2,845,870;3,110;3,250;3,100;80,987;80,987
2025-04-23;3,160;10;1,117;3,510,870;3,180;3,180;3,140;81,244;81,244
2025-04-22;3,150;80;899;2,848,000;3,200;3,200;3,150;80,987;80,987
2025-04-21;3,230;100;3;8,890;3,230;3,230;3,230;83,043;83,043
2025-04-18;3,130;0;109;341,760;3,120;3,140;3,010;80,472;80,472
2025-04-17;3,130;30;116;359,630;3,100;3,130;3,100;80,472;80,472
2025-04-11;3,100;20;281;871,140;3,120;3,120;3,100;79,701;79,701
2025-04-10;3,120;20;39;122,040;3,130;3,130;3,110;80,215;80,215
2025-04-09;3,140;40;663;2,215,180;3,400;3,400;3,030;80,729;80,729
2025-04-08;3,100;10;155;478,870;3,090;3,100;3,040;79,701;79,701
2025-04-07;3,090;0;258;781,380;3,090;3,110;3,010;79,444;79,444
2025-04-04;3,090;20;84;259,870;3,100;3,100;3,090;79,444;79,444
2025-04-03;3,110;50;541;1,666,310;3,080;3,110;3,080;79,958;79,958
2025-04-02;3,160;20;31;97,210;3,170;3,170;3,100;81,244;81,244
2025-04-01;3,180;30;43;135,750;3,030;3,190;3,030;81,758;81,758
2025-03-31;3,210;150;571;1,825,150;3,290;3,300;3,120;82,529;82,529
2025-03-28;3,360;300;934;2,966,940;3,060;3,360;3,020;86,386;86,386
2025-03-27;3,060;10;1,315;4,015,460;3,050;3,060;3,010;78,673;78,673
2025-03-26;3,050;40;163;498,360;3,040;3,070;3,040;78,416;78,416
2025-03-25;3,010;40;1,007;3,047,170;3,050;3,050;3,010;77,387;77,387
2025-03-24;3,050;10;226;691,760;3,050;3,060;3,050;78,416;78,416
2025-03-21;3,060;0;299;908,300;3,060;3,060;3,030;78,673;78,673
2025-03-20;3,060;10;208;631,980;3,060;3,060;3,020;78,673;78,673
2025-03-19;3,070;10;1,575;4,758,240;3,090;3,090;3,000;78,930;78,930
2025-03-18;3,060;0;128;391,670;3,060;3,060;3,050;78,673;78,673
2025-03-17;3,060;10;159;486,540;3,060;3,060;3,060;78,673;78,673
2025-03-14;3,050;10;89;271,570;3,060;3,060;3,050;78,416;78,416
2025-03-13;3,060;30;5;15,180;3,030;3,060;3,030;78,673;78,673
2025-03-12;3,030;30;250;760,510;3,060;3,060;3,030;77,901;77,901
2025-03-11;3,060;10;164;500,430;3,050;3,060;3,050;78,673;78,673
2025-03-10;3,050;0;371;1,141,660;3,050;3,140;3,050;78,416;78,416
2025-03-07;3,050;10;331;1,001,060;3,070;3,070;3,000;78,416;78,416
2025-03-06;3,060;0;187;570,930;3,060;3,060;3,040;78,673;78,673
2025-03-05;3,060;0;388;1,182,190;3,060;3,060;3,020;78,673;78,673
2025-03-04;3,060;10;549;1,671,250;3,050;3,070;3,040;78,673;78,673
2025-03-03;3,050;0;480;1,453,200;3,050;3,050;3,000;78,416;78,416
2025-02-28;3,050;0;786;2,361,270;3,050;3,050;3,000;78,416;78,416
2025-02-27;3,050;10;227;691,630;3,060;3,060;3,020;78,416;78,416
2025-02-26;3,060;10;418;1,278,850;3,050;3,070;3,020;78,673;78,673
2025-02-25;3,050;10;364;1,098,610;3,070;3,070;3,000;78,416;78,416
2025-02-24;3,060;0;599;1,832,460;3,060;3,060;3,050;78,673;78,673
2025-02-21;3,060;10;232;700,750;3,070;3,070;3,000;78,673;78,673
2025-02-20;3,070;10;532;1,617,250;3,040;3,070;3,010;78,930;78,930
2025-02-19;3,080;30;810;2,467,480;3,050;3,080;3,040;79,187;79,187
2025-02-18;3,050;10;104;317,540;3,060;3,060;3,040;78,416;78,416
2025-02-17;3,040;20;18;55,060;3,060;3,060;3,040;78,158;78,158
2025-02-14;3,060;0;311;951,660;3,060;3,060;3,060;78,673;78,673
2025-02-13;3,060;0;174;530,450;3,070;3,070;3,030;78,673;78,673
2025-02-12;3,060;10;45;137,000;3,070;3,070;3,040;78,673;78,673
2025-02-11;3,050;20;232;709,340;3,060;3,070;3,010;78,416;78,416
2025-02-10;3,070;10;399;1,204,600;3,060;3,080;2,990;78,930;78,930
2025-02-07;3,060;0;370;1,132,200;3,060;3,060;3,060;78,673;78,673
2025-02-06;3,060;10;151;460,740;3,070;3,070;3,020;78,673;78,673
2025-02-05;3,070;30;252;773,190;3,050;3,080;3,050;78,930;78,930
2025-02-04;3,040;10;347;1,063,390;3,070;3,100;3,040;78,158;78,158
2025-02-03;3050.0;20.0;12.0;37010.0;3150.0;3150.0;3010.0;78415;78415
2025-01-31;3,070;50;42;130,630;3,160;3,160;3,060;78,930;78,930
2025-01-30;3,020;0;564;1,703,270;3,010;3,020;3,010;77,644;77,644
2025-01-29;3,020;10;576;1,735,000;3,010;3,050;3,000;77,644;77,644
2025-01-28;3030.0;30.0;812.0;2469770.0;3070.0;3090.0;3020.0;77901;77901
2025-01-27;3,060;30;53;159,640;3,010;3,060;3,010;78,673;78,673
2025-01-24;3,090;10;434;1,325,600;3,090;3,090;3,040;79,444;79,444
2025-01-23;3100.0;40.0;995.0;3045290.0;3070.0;3100.0;3010.0;79701;79701
2025-01-22;3060.0;20.0;1149.0;3449140.0;3110.0;3110.0;2990.0;78672;78672
2025-01-21;3080.0;130.0;7707.0;23307450.0;3210.0;3210.0;2990.0;79186;79186
2025-01-20;3210.0;10.0;832.0;2662510.0;3200.0;3210.0;3190.0;82528;82528
2025-01-17;3,220;0;1,698;5,397,920;3,220;3,220;3,160;82,786;82,786
2025-01-16;3,220;20;1,113;3,584,980;3,240;3,250;3,210;82,786;82,786
2025-01-15;3,240;20;735;2,394,490;3,260;3,270;3,240;83,300;83,300
2025-01-14;3,260;70;2,220;7,169,910;3,330;3,330;3,180;83,815;83,815
2025-01-13;3330.0;40.0;910.0;2925660.0;3370.0;3370.0;3200.0;85614;85614
2025-01-10;3,370;10;209;696,950;3,380;3,390;3,330;86,643;86,643
2025-01-09;3,380;40;352;1,166,580;3,420;3,420;3,250;86,900;86,900
2025-01-08;3420.0;60.0;36.0;121020.0;3360.0;3420.0;3360.0;87928.60714285713;87928.60714285713
2025-01-06;3,360;60;342;1,158,580;3,420;3,420;3,360;86,386;86,386
2025-01-03;3,420;0;236;800,280;3,420;3,420;3,390;87,928;87,928
2025-01-02;3,420;0;133;454,860;3,420;3,420;3,420;87,928;87,928
2024-12-31;3,420;0;43;147,190;3,430;3,430;3,300;87,928;87,928
2024-12-30;3,420;0;29;99,180;3,420;3,420;3,420;87,928;87,928
2024-12-27;3,420;0;134;457,630;3,420;3,430;3,410;87,928;87,928
2024-12-26;3,420;10;21;68,690;3,140;3,430;3,140;87,928;87,928
2024-12-25;3,430;0;53;177,800;3,440;3,440;3,350;88,185;88,185
2024-12-24;3,430;0;35;120,350;3,440;3,440;3,430;88,185;88,185
2024-12-23;3,430;10;9;30,910;3,440;3,440;3,430;88,185;88,185
2024-12-20;3,440;40;319;1,093,570;3,400;3,440;3,390;88,442;88,442
2024-12-19;3,400;40;652;2,216,840;3,440;3,440;3,400;87,414;87,414
2024-12-18;3,440;0;48;164,990;3,430;3,440;3,430;88,442;88,442
2024-12-17;3,440;10;87;299,070;3,430;3,440;3,430;88,442;88,442
2024-12-16;3,430;0;160;580,260;3,430;3,430;3,260;88,185;88,185
2024-12-13;3,430;0;7;24,010;3,430;3,430;3,430;88,185;88,185
2024-12-12;3,430;0;48;164,640;3,430;3,430;3,430;88,185;88,185
2024-12-11;3,430;0;52;181,020;3,430;3,430;3,410;88,185;88,185
2024-12-10;3,430;0;21;72,030;3,430;3,430;3,430;88,185;88,185
2024-12-09;3,430;0;128;444,480;3,430;3,430;3,430;88,185;88,185
2024-12-06;3,430;10;70;243,920;3,420;3,430;3,420;88,185;88,185
2024-12-05;3,420;20;1;3,420;3,420;3,420;3,420;87,928;87,928
2024-12-04;3,400;50;757;2,550,440;3,430;3,430;3,230;87,414;87,414
2024-12-03;3,450;30;44;152,730;3,480;3,480;3,450;88,700;88,700
2024-12-02;3,480;20;12;41,780;3,500;3,500;3,480;89,471;89,471
2024-11-29;3,500;50;155;538,070;3,440;3,500;3,440;89,985;89,985
2024-11-28;3,450;10;22;76,080;3,470;3,470;3,400;88,700;88,700
2024-11-27;3,440;40;681;2,318,920;3,400;3,440;3,400;88,442;88,442
2024-11-26;3,400;70;714;2,432,700;3,400;3,450;3,400;87,414;87,414
2024-11-25;3,470;0;3;10,410;3,470;3,470;3,470;89,214;89,214
2024-11-22;3,470;0;262;908,610;3,470;3,480;3,440;89,214;89,214
2024-11-21;3,470;0;6;20,780;3,470;3,470;3,450;89,214;89,214
2024-11-20;3,470;10;42;145,250;3,450;3,480;3,450;89,214;89,214
2024-11-19;3,480;10;767;2,640,750;3,450;3,480;3,440;89,471;89,471
2024-11-18;3,490;10;308;1,073,830;3,480;3,490;3,480;89,728;89,728
2024-11-13;3,480;0;5;17,430;3,480;3,500;3,480;89,471;89,471
2024-11-12;3,480;20;1,254;4,294,650;3,490;3,500;3,420;89,471;89,471
2024-11-11;3,500;0;1,375;4,797,260;3,490;3,500;3,480;89,985;89,985
2024-11-08;3,500;0;1,048;3,661,600;3,500;3,500;3,460;89,985;89,985
2024-11-07;3,500;0;2,875;10,035,920;3,500;3,500;3,440;89,985;89,985
2024-11-06;3,500;10;3,254;11,379,710;3,540;3,540;3,490;89,985;89,985
2024-11-05;3,490;10;916;3,195,820;3,480;3,500;3,480;89,728;89,728
2024-11-04;3,480;30;330;1,147,260;3,470;3,480;3,470;89,471;89,471
2024-11-01;3,510;40;61;214,480;3,520;3,520;3,490;90,242;90,242
2024-10-31;3,470;20;4;13,840;3,450;3,470;3,450;89,214;89,214
2024-10-30;3,450;0;942;3,244,330;3,450;3,450;3,400;88,700;88,700
2024-10-28;3,450;0;466;1,614,440;3,390;3,450;3,390;88,700;88,700
2024-10-25;3,450;10;132;455,470;3,490;3,490;3,450;88,700;88,700
2024-10-24;3,440;0;338;1,162,720;3,440;3,440;3,440;88,442;88,442
2024-10-23;3,440;10;1,034;3,518,150;3,430;3,440;3,390;88,442;88,442
2024-10-22;3,430;0;1;3,430;3,430;3,430;3,430;88,185;88,185
2024-10-21;3,430;20;523;1,793,970;3,450;3,450;3,430;88,185;88,185
2024-10-18;3,450;0;597;2,035,030;3,440;3,450;3,400;88,700;88,700
2024-10-17;3,450;0;1,014;3,494,900;3,450;3,450;3,410;88,700;88,700
2024-10-16;3,450;10;260;894,570;3,500;3,500;3,400;88,700;88,700
2024-10-14;3,460;10;231;796,960;3,450;3,460;3,450;88,957;88,957
2024-10-11;3,450;10;620;2,138,180;3,440;3,460;3,420;88,700;88,700
2024-10-10;3,440;10;408;1,401,780;3,410;3,440;3,410;88,442;88,442
2024-10-09;3,450;0;47;161,130;3,450;3,450;3,420;88,700;88,700
2024-10-08;3,450;10;653;2,246,340;3,440;3,450;3,440;88,700;88,700
2024-10-07;3,440;0;72;245,580;3,440;3,440;3,410;88,442;88,442
2024-10-04;3,440;10;170;578,240;3,400;3,440;3,400;88,442;88,442
2024-09-30;3,450;0;114;389,570;3,440;3,450;3,400;88,700;88,700
2024-09-27;3,450;20;441;1,517,000;3,440;3,450;3,420;88,700;88,700
2024-09-26;3,430;30;468;1,588,510;3,460;3,460;3,350;88,185;88,185
2024-09-25;3,460;20;202;693,440;3,470;3,470;3,400;88,957;88,957
2024-09-23;3,480;10;11;38,280;3,480;3,480;3,480;89,471;89,471
2024-09-20;3,490;40;41;141,060;3,460;3,490;3,410;89,728;89,728
2024-09-19;3,450;30;137;467,250;3,490;3,490;3,400;88,700;88,700
2024-09-18;3,480;0;21;73,230;3,540;3,540;3,480;89,471;89,471
2024-09-17;3,480;10;55;191,150;3,480;3,480;3,470;89,471;89,471
2024-09-16;3,490;30;1,023;3,555,450;3,440;3,490;3,420;89,728;89,728
2024-09-13;3,460;10;12;41,530;3,470;3,470;3,460;88,957;88,957
2024-09-12;3,450;10;11;38,790;3,630;3,630;3,450;88,700;88,700
2024-09-11;3,440;0;2;6,880;3,440;3,440;3,440;88,442;88,442
2024-09-10;3,440;20;1,251;4,241,600;3,460;3,460;3,380;88,442;88,442
2024-09-09;3,460;10;72;245,840;3,470;3,470;3,400;88,957;88,957
2024-09-06;3,470;0;25;86,980;3,490;3,490;3,430;89,214;89,214
2024-09-05;3,470;0;152;524,770;3,470;3,480;3,430;89,214;89,214
2024-09-04;3,470;0;7,947;27,574,660;3,470;3,490;3,450;89,214;89,214
2024-09-03;3,470;30;2,576;8,864,560;3,440;3,480;3,440;89,214;89,214
2024-09-02;3,440;10;22;75,710;3,460;3,460;3,440;88,442;88,442
2024-08-30;3,430;50;19;65,180;3,440;3,440;3,420;88,185;88,185
2024-08-29;3,380;50;1,210;4,110,980;3,450;3,460;3,350;86,900;86,900
2024-08-28;3,430;20;27;92,630;3,450;3,450;3,430;88,185;88,185
2024-08-27;3,450;20;29;100,080;3,460;3,460;3,450;88,700;88,700
2024-08-26;3,470;20;1;3,470;3,470;3,470;3,470;89,214;89,214
2024-08-23;3,450;0;183;630,050;3,450;3,450;3,400;88,700;88,700
2024-08-22;3,450;40;976;3,320,610;3,470;3,470;3,400;88,700;88,700
2024-08-21;3,490;40;1,201;4,097,140;3,420;3,490;3,400;89,728;89,728
2024-08-20;3,450;10;135;462,020;3,460;3,460;3,420;88,700;88,700
2024-08-19;3,460;0;141;507,300;3,460;3,460;3,420;88,957;88,957
2024-08-16;3,460;10;176;611,030;3,500;3,500;3,450;88,957;88,957
2024-08-15;3,450;50;624;2,133,410;3,420;3,460;3,410;88,700;88,700
2024-08-14;3,500;90;509;1,740,180;3,540;3,540;3,410;89,985;89,985
2024-08-13;3,410;10;2,204;7,524,700;3,420;3,480;3,350;87,671;87,671
2024-08-12;3,420;50;1,742;5,963,700;3,570;3,570;3,400;87,928;87,928
2024-08-09;3,470;0;2,426;8,358,360;3,440;3,520;3,440;89,214;89,214
2024-08-08;3,470;10;1,251;4,315,730;3,490;3,490;3,420;89,214;89,214
2024-08-07;3,480;370;31,524;111,241,330;4,000;4,000;3,480;89,471;89,471
2024-08-06;3,850;350;8,222;29,585,590;3,530;3,850;3,430;98,984;98,984
2024-08-05;3,500;0;2;7,000;3,500;3,500;3,500;89,985;89,985
2024-08-02;3,500;10;54;190,070;3,540;3,590;3,500;89,985;89,985
2024-08-01;3,490;10;608;2,122,280;3,490;3,490;3,490;89,728;89,728
2024-07-31;3,500;0;45;156,330;3,500;3,500;3,460;89,985;89,985
2024-07-30;3,500;0;533;1,850,500;3,470;3,500;3,470;89,985;89,985
2024-07-29;3,500;0;53;185,480;3,500;3,500;3,480;89,985;89,985
2024-07-26;3,500;0;805;2,817,180;3,530;3,530;3,490;89,985;89,985
2024-07-25;3,500;0;1,345;4,723,440;3,500;3,560;3,500;89,985;89,985
2024-07-24;3,500;0;1,292;4,522,000;3,500;3,500;3,500;89,985;89,985
2024-07-23;3,500;0;230;798,180;3,480;3,540;3,460;89,985;89,985
2024-07-22;3,500;0;230;804,990;3,490;3,500;3,490;89,985;89,985
2024-07-19;3,500;100;1,344;4,725,720;3,590;3,590;3,320;89,985;89,985
2024-07-18;3,600;70;108;385,280;3,500;3,600;3,500;92,556;92,556
2024-07-17;3,530;30;332;1,162,090;3,500;3,530;3,500;90,756;90,756
2024-07-16;3,500;30;1,054;3,645,550;3,530;3,530;3,440;89,985;89,985
2024-07-15;3,530;40;190;669,020;3,570;3,570;3,430;90,756;90,756
2024-07-12;3,570;70;2,554;8,962,150;3,640;3,640;3,460;91,785;91,785
2024-07-11;3,640;0;26;94,640;3,640;3,640;3,640;93,584;93,584
2024-07-10;3,640;10;1,978;7,162,440;3,630;3,810;3,550;93,584;93,584
2024-07-09;3,630;50;116;428,960;3,780;3,780;3,610;93,327;93,327
2024-07-08;3,680;70;94;346,510;3,730;3,730;3,680;94,613;94,613
2024-07-05;3,610;100;684;2,453,020;3,710;3,710;3,550;92,813;92,813
2024-07-04;3,710;80;1,232;4,637,340;3,790;3,850;3,510;95,384;95,384
2024-07-03;3,790;110;117;428,950;3,520;3,810;3,520;97,441;97,441
2024-07-02;3,680;60;160;581,970;3,620;3,690;3,600;94,613;94,613
2024-07-01;3,620;30;133;484,230;3,650;3,650;3,490;93,070;93,070
2024-06-28;3,650;170;50,812;159,888,320;3,480;3,670;3,480;93,842;93,842
2024-06-27;3,480;70;32;110,160;3,490;3,490;3,420;89,471;89,471
2024-06-26;3,410;0;1,203;4,267,490;3,650;3,650;3,400;87,671;87,671
2024-06-25;3,410;50;532;1,799,490;3,320;3,440;3,230;87,671;87,671
2024-06-24;3,360;90;712;2,431,940;3,640;3,640;3,360;86,386;86,386
2024-06-21;3,450;0;1,172;4,022,010;3,400;3,500;3,400;88,700;88,700
2024-06-20;3,450;250;6,310;21,495,970;3,680;3,700;3,340;88,700;88,700
2024-06-19;3,700;0;147;542,270;3,680;3,700;3,550;95,127;95,127
2024-06-17;3,700;80;1,470;5,437,130;3,690;3,780;3,510;95,127;95,127
2024-06-14;3,780;0;662;2,463,540;3,770;3,780;3,700;97,184;97,184
2024-06-13;3,780;10;206;779,680;3,790;3,790;3,720;97,184;97,184
2024-06-12;3,790;100;993;3,729,000;3,900;3,900;3,670;97,441;97,441
2024-06-11;3,890;0;1,187;4,470,450;3,990;3,990;3,740;100,012;100,012
2024-06-10;3,890;30;423;1,630,370;3,620;3,890;3,620;100,012;100,012
2024-06-07;3,920;20;259;1,015,880;3,930;3,930;3,670;100,783;100,783
2024-06-06;3,940;340;6,180;24,172,240;4,300;4,300;3,860;101,297;101,297
2024-06-05;4,280;80;1,320;5,451,080;4,000;4,280;4,000;110,039;110,039
2024-06-04;4,200;0;579;2,390,760;4,180;4,200;3,960;107,982;107,982
2024-06-03;4,200;20;537;2,114,080;4,260;4,260;3,900;107,982;107,982
2024-05-31;4,220;80;46;190,520;4,280;4,280;4,080;108,496;108,496
2024-05-30;4,300;100;900;3,788,700;4,200;4,300;4,100;110,553;110,553
2024-05-29;4,200;100;341;1,390,780;4,300;4,300;4,000;107,982;107,982
2024-05-28;4,300;20;13;55,900;4,300;4,300;4,300;110,553;110,553
2024-05-27;4,320;350;2,188;8,763,840;3,970;4,320;3,830;111,067;111,067
2024-05-24;3,970;0;124;485,230;3,970;3,970;3,900;102,069;102,069
2024-05-23;3,970;20;944;3,746,460;3,990;3,990;3,950;102,069;102,069
2024-05-21;3,990;0;315;1,236,470;3,980;3,990;3,840;102,583;102,583
2024-05-20;3,990;20;647;2,560,690;3,970;3,990;3,950;102,583;102,583
2024-05-17;3,970;20;231;914,350;3,990;3,990;3,930;102,069;102,069
2024-05-16;3,990;20;1,005;3,978,890;3,960;3,990;3,720;102,583;102,583
2024-05-15;3,970;20;250;986,110;3,990;3,990;3,800;102,069;102,069
2024-05-13;3,990;10;1,113;4,412,770;3,970;3,990;3,900;102,583;102,583
2024-05-10;3,980;0;894;3,497,520;3,830;3,980;3,800;102,326;102,326
2024-05-09;3,980;30;1,542;5,875,470;3,950;3,980;3,580;102,326;102,326
2024-05-08;3,950;20;614;2,418,520;3,970;3,970;3,820;101,554;101,554
2024-05-07;3,970;80;763;2,993,660;3,890;3,970;3,880;102,069;102,069
2024-05-06;3,890;10;588;2,267,510;3,690;3,890;3,680;100,012;100,012
2024-05-03;3,880;100;5,258;19,172,820;3,970;3,970;3,590;99,755;99,755
2024-05-02;3,980;230;737;2,849,300;4,000;4,000;3,700;102,326;102,326
2024-04-30;3,750;70;244;902,420;3,690;3,750;3,490;96,412;96,412
2024-04-29;3,680;20;170;623,330;3,700;3,700;3,600;94,613;94,613
2024-04-26;3,700;30;256;950,110;3,710;3,730;3,690;95,127;95,127
2024-04-25;3,730;50;146;539,050;3,670;3,750;3,510;95,898;95,898
2024-04-24;3,680;10;36;132,870;3,690;3,730;3,680;94,613;94,613
2024-04-23;3,690;20;16;59,550;3,670;3,760;3,670;94,870;94,870
2024-04-22;3,670;80;145;530,390;3,500;3,740;3,500;94,356;94,356
2024-04-19;3,750;100;448;1,676,170;3,760;3,760;3,500;96,412;96,412
2024-04-18;3,850;10;5;19,280;3,860;3,860;3,850;98,984;98,984
2024-04-17;3,860;90;5;19,320;3,880;3,880;3,860;99,241;99,241
2024-04-12;3,770;50;6;22,640;3,780;3,780;3,770;96,927;96,927
2024-04-11;3,720;10;206;768,070;3,730;3,850;3,720;95,641;95,641
2024-04-10;3,730;90;125;480,070;3,850;3,850;3,730;95,898;95,898
2024-04-09;3,820;70;200;765,360;3,650;3,850;3,650;98,212;98,212
2024-04-08;3,890;110;5;19,540;3,940;3,940;3,890;100,012;100,012
2024-04-05;3,780;150;90;342,130;3,930;3,930;3,580;97,184;97,184
2024-04-04;3,930;20;2;7,860;3,930;3,930;3,930;101,040;101,040
2024-04-03;3,950;0;10;38,920;3,810;3,950;3,810;101,554;101,554
2024-04-02;3,950;30;5;19,420;3,720;3,970;3,720;101,554;101,554
2024-04-01;3,920;40;89;347,980;3,960;3,960;3,810;100,783;100,783
2024-03-29;3,960;10;10;39,600;3,960;3,960;3,960;101,812;101,812
2024-03-28;3,970;30;3;11,910;3,970;3,970;3,970;102,069;102,069
2024-03-27;3,940;30;74;293,220;3,960;3,980;3,940;101,297;101,297
2024-03-26;3,970;150;6;23,570;3,820;4,000;3,820;102,069;102,069
2024-03-25;3,820;180;97;371,970;4,000;4,000;3,750;98,212;98,212
2024-03-22;4,000;20;29;115,710;3,980;4,000;3,860;102,840;102,840
2024-03-21;3,980;0;63;250,270;3,970;3,980;3,650;102,326;102,326
2024-03-20;3,980;170;11;43,350;3,810;4,020;3,810;102,326;102,326
2024-03-19;3,810;160;266;1,038,160;3,970;3,970;3,810;97,955;97,955
2024-03-18;3,970;10;11;42,080;3,690;3,980;3,690;102,069;102,069
2024-03-15;3,960;40;6;23,520;3,850;3,960;3,850;101,812;101,812
2024-03-14;4,000;0;100;395,130;4,000;4,000;3,830;102,840;102,840
2024-03-13;4,000;30;2;7,860;3,860;4,000;3,860;102,840;102,840
2024-03-12;3,970;20;327;1,280,320;3,970;3,980;3,900;102,069;102,069
2024-03-11;3,950;40;377;1,524,120;4,320;4,320;3,950;101,554;101,554
2024-03-07;3,990;10;24;95,790;4,000;4,000;3,990;102,583;102,583
2024-03-06;4,000;0;5;19,790;4,000;4,000;3,810;102,840;102,840
2024-03-05;4,000;100;52;208,620;4,200;4,200;4,000;102,840;102,840
2024-03-04;4,100;110;457;1,884,480;4,360;4,360;3,990;105,411;105,411
2024-03-01;3,990;10;92;366,280;3,990;3,990;3,970;102,583;102,583
2024-02-29;3,980;50;231;909,730;3,930;4,080;3,930;102,326;102,326
2024-02-28;3,930;70;337;1,336,970;4,000;4,000;3,910;101,040;101,040
2024-02-27;4,000;0;52;207,380;4,040;4,040;3,980;102,840;102,840
2024-02-26;4,000;220;295;1,143,790;4,260;4,260;3,800;102,840;102,840
2024-02-23;4,220;160;2;8,440;4,220;4,220;4,220;108,496;108,496
2024-02-22;4,060;40;29;118,120;4,140;4,140;4,060;104,383;104,383
2024-02-21;4,020;30;437;1,877,380;4,360;4,360;4,020;103,354;103,354
2024-02-20;3,990;30;606;2,421,860;3,710;4,000;3,710;102,583;102,583
2024-02-19;3,960;40;18;72,180;4,140;4,140;3,960;101,812;101,812
2024-02-16;4,000;60;71;284,150;4,180;4,180;3,970;102,840;102,840
2024-02-15;4,060;20;501;2,034,080;4,080;4,080;4,060;104,383;104,383
2024-02-14;4,080;0;26;106,080;4,080;4,080;4,080;104,897;104,897
2024-02-13;4,080;20;79;322,360;4,120;4,120;4,080;104,897;104,897
2024-02-12;4,100;60;18;73,480;4,100;4,100;4,080;105,411;105,411
2024-02-09;4,160;80;10;41,820;4,380;4,380;4,160;106,954;106,954
2024-02-08;4,080;0;10;40,500;3,980;4,160;3,980;104,897;104,897
2024-02-07;4,080;20;138;562,740;4,280;4,280;4,060;104,897;104,897
2024-02-06;4,100;140;1,144;4,577,480;3,950;4,180;3,950;105,411;105,411
2024-02-05;4,240;220;500;2,045,040;4,280;4,280;3,920;109,010;109,010
2024-02-02;4,020;20;2,965;11,669,120;4,120;4,120;3,900;103,354;103,354
2024-02-01;4,000;20;649;2,620,840;4,020;4,200;4,000;102,840;102,840
2024-01-31;4,020;40;2,691;11,010,640;4,100;4,100;4,000;103,354;103,354
2024-01-30;4,060;240;2,669;10,732,200;4,300;4,680;3,950;104,383;104,383
2024-01-29;4,300;370;980;3,992,740;4,140;4,300;3,950;110,553;110,553
2024-01-26;3,930;10;53;208,770;3,940;3,940;3,930;101,040;101,040
2024-01-25;3,940;20;219;865,770;4,020;4,020;3,940;101,297;101,297
2024-01-24;3,960;60;1,755;7,373,850;4,020;4,020;3,900;101,812;101,812
2024-01-23;4,020;0;108;433,180;4,020;4,020;4,000;103,354;103,354
2024-01-22;4,020;20;19;76,240;4,040;4,040;4,000;103,354;103,354
2024-01-19;4,040;20;1,900;7,605,480;4,020;4,040;4,000;103,868;103,868
2024-01-18;4,020;20;268;1,071,360;4,020;4,020;3,980;103,354;103,354
2024-01-17;4,040;20;355;1,425,900;4,060;4,060;4,000;103,868;103,868
2024-01-16;4,060;40;269;1,090,760;4,060;4,100;4,020;104,383;104,383
2024-01-15;4,100;40;1,620;6,537,820;4,140;4,140;3,990;105,411;105,411
2024-01-12;4,140;40;412;1,701,500;4,160;4,180;4,100;106,439;106,439
2024-01-11;4,180;40;80;331,600;4,200;4,200;4,120;107,468;107,468
2024-01-10;4,140;60;226;940,040;4,180;4,200;4,120;106,439;106,439
2024-01-09;4,200;60;729;3,036,840;4,240;4,240;4,120;107,982;107,982
2024-01-08;4,260;60;269;1,131,200;4,360;4,360;4,140;109,525;109,525
2024-01-05;4,200;80;399;1,681,420;4,280;4,280;4,160;107,982;107,982
2024-01-04;4,280;80;2,435;10,354,000;4,420;4,420;4,180;110,039;110,039
2024-01-03;4,360;60;493;2,140,220;4,420;4,440;4,320;112,096;112,096
2024-01-02;4,420;20;47;210,400;4,600;4,600;4,420;113,638;113,638
2023-12-29;4,400;0;468;2,048,100;4,440;4,460;4,360;113,124;113,124
2023-12-28;4,400;80;1,341;5,912,120;4,440;4,460;4,380;113,124;113,124
2023-12-27;4,480;220;335;1,444,100;4,300;4,480;4,240;115,181;115,181
2023-12-26;4,260;120;798;3,427,360;4,340;4,360;4,260;109,525;109,525
2023-12-25;4,380;60;566;2,447,260;4,200;4,480;4,200;112,610;112,610
2023-12-22;4,440;20;1,228;5,384,820;4,520;4,520;4,320;114,152;114,152
2023-12-21;4,460;40;1,072;4,757,300;4,260;4,580;4,260;114,667;114,667
2023-12-20;4,500;60;154;687,600;4,600;4,600;4,400;115,695;115,695
2023-12-19;4,440;260;1,593;6,992,740;4,340;4,440;4,300;114,152;114,152
2023-12-18;4,180;460;4,998;21,538,640;4,680;4,740;4,180;107,468;107,468
2023-12-15;4,640;240;7,114;33,872,740;4,900;4,940;4,600;119,294;119,294
2023-12-14;4,880;20;10,253;49,991,420;4,900;5,200;4,700;125,465;125,465
2023-12-13;4,860;420;17,703;84,351,960;4,440;4,880;4,440;124,951;124,951
2023-12-12;4,440;280;6,064;26,240,720;4,160;4,440;4,160;114,152;114,152
2023-12-11;4,160;0;103,826;471,594,000;4,080;4,180;4,060;106,954;106,954
2023-12-08;4,160;100;185,566;786,742,660;4,100;4,220;4,060;106,954;106,954
2023-12-07;4,060;190;6,946;27,927,550;3,860;4,100;3,840;104,383;104,383
2023-12-06;3,870;0;2,794;10,524,640;3,860;3,870;3,520;99,498;99,498
2023-12-05;3,870;40;473;1,824,120;3,820;3,940;3,800;99,498;99,498
2023-12-04;3,830;160;173;654,110;3,670;3,870;3,670;98,469;98,469
2023-12-01;3,670;20;3,034;11,108,620;3,650;3,680;3,650;94,356;94,356
2023-11-30;3,650;100;458;1,670,710;3,750;3,750;3,400;93,842;93,842
2023-11-29;3,550;170;1,249;4,384,010;3,680;3,680;3,400;91,270;91,270
2023-11-24;3,380;280;2,623;8,585,790;3,100;3,380;2,810;86,900;86,900
2023-11-23;3,100;240;4,986;14,889,460;3,000;3,100;2,860;79,701;79,701
2023-11-22;2,860;240;7,435;20,806,210;2,840;2,870;2,620;73,531;73,531
2023-11-21;2,620;190;756;1,897,240;2,430;2,620;2,430;67,360;67,360
2023-11-20;2,430;30;3,993;9,692,080;2,260;2,430;2,260;62,475;62,475
2023-11-17;2,400;10;1,651;3,955,900;2,400;2,400;2,320;61,704;61,704
2023-11-16;2,390;0;11;26,290;2,390;2,390;2,390;61,447;61,447
2023-11-15;2,390;180;130;310,540;2,210;2,400;2,210;61,447;61,447
2023-11-14;2,210;170;32;71,480;2,380;2,380;2,210;56,819;56,819
2023-11-13;2,380;10;10;23,810;2,390;2,390;2,380;61,190;61,190
2023-11-10;2,390;20;86;204,310;2,390;2,390;2,350;61,447;61,447
2023-11-08;2,410;40;108;261,920;2,530;2,530;2,410;61,961;61,961
2023-11-07;2,370;20;10;23,480;2,390;2,390;2,220;60,933;60,933
2023-11-06;2,390;60;3;7,050;2,330;2,390;2,330;61,447;61,447
2023-11-03;2,330;20;34;79,390;2,400;2,400;2,330;59,904;59,904
2023-11-02;2,350;100;913;2,101,690;2,410;2,410;2,290;60,418;60,418
2023-11-01;2,450;130;1;2,450;2,450;2,450;2,450;62,990;62,990
2023-10-31;2,320;60;232;532,460;2,390;2,390;2,250;59,647;59,647
2023-10-30;2,260;110;70;159,540;2,400;2,400;2,260;58,105;58,105
2023-10-27;2,370;50;23;54,670;2,330;2,390;2,330;60,933;60,933
2023-10-26;2,320;30;15;34,820;2,500;2,530;2,280;59,647;59,647
2023-10-25;2,350;40;147;343,610;2,270;2,360;2,270;60,418;60,418
2023-10-24;2,310;20;16;36,960;2,310;2,310;2,310;59,390;59,390
2023-10-23;2,290;70;376;858,470;2,330;2,330;2,250;58,876;58,876
2023-10-20;2,220;100;1,357;3,114,730;2,510;2,510;2,220;57,076;57,076
2023-10-19;2,320;50;232;538,530;2,370;2,560;2,320;59,647;59,647
2023-10-18;2,370;10;227;537,910;2,350;2,370;2,350;60,933;60,933
2023-10-17;2,360;10;76;179,560;2,370;2,370;2,360;60,676;60,676
2023-10-16;2,370;60;1;2,370;2,370;2,370;2,370;60,933;60,933
2023-10-12;2,310;20;493;1,137,380;2,400;2,400;2,300;59,390;59,390
2023-10-11;2,330;10;2,542;5,846,980;2,320;2,330;2,300;59,904;59,904
2023-10-10;2,320;0;851;1,946,740;2,320;2,330;2,280;59,647;59,647
2023-10-09;2,320;10;1,180;2,717,550;2,330;2,330;2,300;59,647;59,647
2023-10-06;2,330;10;3,255;7,466,440;2,300;2,350;2,280;59,904;59,904
2023-10-05;2,320;40;3,826;8,809,440;2,530;2,530;2,280;59,647;59,647
2023-10-04;2,360;90;2,129;4,994,440;2,480;2,480;2,320;60,676;60,676
2023-10-03;2,450;40;2,723;6,832,970;2,690;2,690;2,410;62,990;62,990
2023-10-02;2,490;10;1,441;3,725,720;2,750;2,750;2,460;64,018;64,018
2023-09-29;2,500;200;362;907,510;2,690;2,690;2,500;64,275;64,275
2023-09-28;2,700;30;108;291,570;2,780;2,780;2,510;69,417;69,417
2023-09-27;2,730;30;136;373,910;2,750;2,750;2,730;70,188;70,188
2023-09-26;2,760;30;56;156,150;2,790;2,790;2,760;70,960;70,960
2023-09-25;2,790;10;2,388;6,478,650;2,790;2,800;2,710;71,731;71,731
2023-09-22;2,800;50;48;133,980;2,780;2,810;2,780;71,988;71,988
2023-09-21;2,750;90;985;2,700,980;2,850;2,850;2,730;70,702;70,702
2023-09-20;2,840;40;407;1,139,110;2,800;2,840;2,730;73,016;73,016
2023-09-19;2,800;20;69;193,350;2,810;2,820;2,800;71,988;71,988
2023-09-18;2,820;0;11;30,910;2,820;2,820;2,770;72,502;72,502
2023-09-15;2,820;0;1,260;3,551,340;2,820;2,880;2,800;72,502;72,502
2023-09-14;2,820;60;180;508,800;2,890;2,890;2,820;72,502;72,502
2023-09-13;2,880;0;676;1,943,880;2,880;2,900;2,830;74,045;74,045
2023-09-12;2,880;20;345;999,290;2,910;2,910;2,880;74,045;74,045
2023-09-11;2,900;40;209;606,770;2,930;2,930;2,900;74,559;74,559
2023-09-08;2,940;160;3,535;10,250,390;3,000;3,000;2,890;75,587;75,587
2023-09-07;3,100;0;835;2,517,590;3,050;3,100;2,980;79,701;79,701
2023-09-06;3,100;240;2,151;6,474,990;3,120;3,120;2,730;79,701;79,701
2023-09-05;2,860;140;423;1,203,550;3,000;3,000;2,810;73,531;73,531
2023-09-04;3,000;260;4,512;13,634,280;3,100;3,150;3,000;77,130;77,130
2023-09-01;3,260;70;177;566,790;3,190;3,260;3,190;83,815;83,815
2023-08-31;3,190;90;1,437;4,684,290;3,280;3,280;3,190;82,015;82,015
2023-08-30;3,280;60;9;29,570;3,330;3,330;3,280;84,329;84,329
2023-08-29;3,340;0;15;50,180;3,340;3,360;3,340;85,871;85,871
2023-08-28;3,340;20;135;448,220;3,320;3,340;3,320;85,871;85,871
2023-08-25;3,320;10;377;1,249,140;3,330;3,330;3,300;85,357;85,357
2023-08-24;3,330;60;1,290;4,328,640;3,450;3,450;3,330;85,614;85,614
2023-08-23;3,390;40;640;2,174,780;3,400;3,410;3,390;87,157;87,157
2023-08-22;3,430;20;304;1,033,670;3,440;3,440;3,400;88,185;88,185
2023-08-21;3,450;0;659;2,263,440;3,450;3,450;3,340;88,700;88,700
2023-08-18;3,450;0;221;767,290;3,490;3,490;3,450;88,700;88,700
2023-08-17;3,450;50;376;1,300,030;3,490;3,490;3,450;88,700;88,700
2023-08-16;3,500;60;8;27,710;3,410;3,500;3,410;89,985;89,985
2023-08-15;3,440;20;185;636,520;3,450;3,450;3,440;88,442;88,442
2023-08-14;3,460;60;194;669,790;3,460;3,460;3,450;88,957;88,957
2023-08-11;3,520;10;59;208,150;3,530;3,530;3,440;90,499;90,499
2023-08-10;3,510;10;482;1,688,650;3,500;3,600;3,500;90,242;90,242
2023-08-09;3,500;10;137;479,240;3,540;3,540;3,490;89,985;89,985
2023-08-08;3,490;30;747;2,586,900;3,520;3,520;3,430;89,728;89,728
2023-08-07;3,520;20;385;1,338,180;3,450;3,560;3,430;90,499;90,499
2023-08-04;3,500;20;531;1,858,300;3,480;3,500;3,480;89,985;89,985
2023-08-03;3,480;30;635;2,195,100;3,450;3,480;3,450;89,471;89,471
2023-08-02;3,450;0;501;1,728,450;3,450;3,450;3,450;88,700;88,700
2023-08-01;3,450;40;104;358,760;3,480;3,480;3,360;88,700;88,700
2023-07-31;3,490;50;3;10,470;3,490;3,490;3,490;89,728;89,728
2023-07-28;3,440;20;186;644,360;3,510;3,510;3,430;88,442;88,442
2023-07-27;3,420;30;624;2,157,470;3,470;3,480;3,400;87,928;87,928
2023-07-26;3,390;60;81;273,000;3,240;3,400;3,240;87,157;87,157
2023-07-25;3,330;40;1,204;4,016,470;3,370;3,390;3,330;85,614;85,614
2023-07-21;3,370;70;261;866,650;3,300;3,370;3,300;86,643;86,643
2023-07-20;3,300;20;127;418,960;3,280;3,330;3,280;84,843;84,843
2023-07-19;3,280;140;3,481;11,305,580;3,420;3,520;3,200;84,329;84,329
2023-07-18;3,420;130;4;13,680;3,420;3,420;3,420;87,928;87,928
2023-07-17;3,550;110;630;2,220,470;3,630;3,630;3,500;91,270;91,270
2023-07-14;3,660;130;800;2,721,920;3,510;3,660;3,310;94,099;94,099
2023-07-13;3,530;70;376;1,300,710;3,550;3,560;3,300;90,756;90,756
2023-07-12;3,600;60;259;933,830;3,980;3,980;3,470;92,556;92,556
2023-07-11;3,660;290;2,514;8,733,360;3,370;3,660;3,100;94,099;94,099
2023-07-10;3,370;300;4,891;16,578,930;3,610;3,630;3,350;86,643;86,643
2023-07-07;3,670;20;2,925;10,661,840;3,770;3,770;3,610;94,356;94,356
2023-07-06;3,690;110;1,774;6,612,770;3,820;3,820;3,690;94,870;94,870
2023-07-05;3,800;10;64;242,980;3,780;3,810;3,780;97,698;97,698
2023-07-04;3,790;40;488;1,839,690;3,830;3,830;3,750;97,441;97,441
2023-07-03;3,830;0;929;3,506,930;3,890;3,890;3,700;98,469;98,469
2023-06-30;3,830;0;156;595,370;3,890;3,890;3,730;98,469;98,469
2023-06-29;3,830;30;48;183,790;3,850;3,880;3,800;98,469;98,469
2023-06-28;3,800;90;581;2,208,810;3,800;3,870;3,800;97,698;97,698
2023-06-27;3,890;50;2,053;7,897,510;3,870;3,930;3,820;100,012;100,012
2023-06-26;3,940;10;113;444,460;3,930;3,940;3,880;101,297;101,297
2023-06-23;3,930;20;74;290,940;3,940;3,940;3,900;101,040;101,040
2023-06-22;3,950;10;172;677,920;3,930;3,950;3,900;101,554;101,554
2023-06-21;3,940;20;318;1,255,810;3,940;3,950;3,880;101,297;101,297
2023-06-20;3,960;20;1,301;5,037,580;3,960;3,960;3,850;101,812;101,812
2023-06-19;3,940;10;583;2,262,990;3,960;3,960;3,870;101,297;101,297
2023-06-16;3,930;20;1,199;4,662,280;3,940;3,940;3,870;101,040;101,040
2023-06-15;3,910;70;999;3,935,520;3,980;3,990;3,910;100,526;100,526
2023-06-14;3,980;80;1,127;4,419,440;4,040;4,040;3,810;102,326;102,326
2023-06-13;4,060;40;428;1,733,360;4,060;4,100;4,000;104,383;104,383
2023-06-12;4,100;20;43;176,820;4,080;4,120;4,080;105,411;105,411
2023-06-09;4,080;20;78;317,960;4,020;4,180;4,020;104,897;104,897
2023-06-08;4,060;40;372;1,494,080;4,120;4,120;4,000;104,383;104,383
2023-06-07;4,020;0;135;543,020;4,200;4,200;4,020;103,354;103,354
2023-06-06;4,020;160;46;186,200;4,160;4,160;4,020;103,354;103,354
2023-06-05;4,180;40;189;775,880;4,180;4,180;4,060;107,468;107,468
2023-06-02;4,140;20;294;1,207,840;4,120;4,180;4,060;106,439;106,439
2023-06-01;4,120;0;91;375,740;4,120;4,140;4,100;105,925;105,925
2023-05-31;4,120;20;146;598,620;4,100;4,120;4,100;105,925;105,925
2023-05-30;4,100;40;218;891,700;4,120;4,120;4,040;105,411;105,411
2023-05-29;4,140;80;496;2,022,460;4,100;4,180;4,000;106,439;106,439
2023-05-26;4,220;0;86;357,540;4,320;4,320;4,140;108,496;108,496
2023-05-25;4,220;60;91;385,300;4,300;4,300;4,140;108,496;108,496
2023-05-24;4,160;260;619;2,562,980;4,360;4,400;4,040;106,954;106,954
2023-05-23;4,420;360;1,970;7,990,300;4,060;4,420;4,000;113,638;113,638
2023-05-22;4,060;80;586;2,373,380;4,100;4,100;4,000;104,383;104,383
2023-05-19;4,140;40;31;128,760;4,200;4,200;4,100;106,439;106,439
2023-05-18;4,100;60;1,767;7,147,180;4,100;4,180;3,980;105,411;105,411
2023-05-17;4,160;40;182;756,520;4,280;4,280;4,120;106,954;106,954
2023-05-16;4,120;260;1,179;4,967,200;4,380;4,380;4,120;105,925;105,925
2023-05-15;4,380;20;32;140,140;4,360;4,380;4,360;112,610;112,610
2023-05-12;4,360;20;277;1,209,560;4,380;4,400;4,360;112,096;112,096
2023-05-11;4,380;0;55;240,380;4,380;4,380;4,360;112,610;112,610
2023-05-10;4,380;20;189;828,720;4,400;4,400;4,320;112,610;112,610
2023-05-09;4,400;40;307;1,332,600;4,480;4,480;4,300;113,124;113,124
2023-05-05;4,440;20;212;948,640;4,340;4,500;4,340;114,152;114,152
2023-05-03;4,460;0;787;3,510,020;4,460;4,460;4,460;114,667;114,667
2023-05-02;4,460;0;21;93,660;4,460;4,460;4,460;114,667;114,667
2023-04-28;4,460;20;123;550,840;4,480;4,500;4,440;114,667;114,667
2023-04-27;4,480;20;183;820,020;4,500;4,500;4,480;115,181;115,181
2023-04-26;4,500;40;1,662;7,387,780;4,500;4,500;4,420;115,695;115,695
2023-04-25;4,540;20;77;349,880;4,560;4,580;4,500;116,723;116,723
2023-04-24;4,560;20;82;375,900;4,600;4,600;4,560;117,238;117,238
2023-04-21;4,580;0;37;169,140;4,580;4,580;4,480;117,752;117,752
2023-04-20;4,580;0;680;3,086,440;4,580;4,620;4,500;117,752;117,752
2023-04-19;4,580;0;100;457,600;4,580;4,580;4,560;117,752;117,752
2023-04-18;4,580;20;38;174,040;4,580;4,580;4,580;117,752;117,752
2023-04-17;4,600;20;29;132,960;4,580;4,600;4,580;118,266;118,266
2023-04-13;4,580;0;32;146,560;4,580;4,580;4,580;117,752;117,752
2023-04-12;4,580;20;253;1,141,740;4,600;4,600;4,500;117,752;117,752
2023-04-11;4,600;60;3,143;14,709,380;4,460;4,980;4,460;118,266;118,266
2023-04-10;4,540;20;66;299,460;4,580;4,580;4,460;116,723;116,723
2023-04-07;4,560;20;27;123,360;4,800;4,800;4,560;117,238;117,238
2023-04-06;4,540;20;72;328,000;4,560;4,560;4,540;116,723;116,723
2023-04-05;4,560;20;17;77,540;4,580;4,580;4,560;117,238;117,238
2023-04-04;4,540;20;634;2,856,720;4,560;4,580;4,500;116,723;116,723
2023-04-03;4,560;0;48,596;200,735,880;4,560;4,560;4,560;117,238;117,238
2023-03-31;4,560;0;131;596,900;4,980;4,980;4,500;117,238;117,238
2023-03-30;4,560;20;65;296,200;4,580;4,580;4,540;117,238;117,238
2023-03-29;4,580;20;109;499,980;4,600;4,600;4,580;117,752;117,752
2023-03-28;4,560;0;73;333,060;4,560;4,580;4,560;117,238;117,238
2023-03-27;4,560;20;151,051;619,332,420;4,540;4,560;4,520;117,238;117,238
2023-03-24;4,540;20;136;617,240;4,560;4,560;4,500;116,723;116,723
2023-03-23;4,560;20;94;426,860;4,400;4,560;4,400;117,238;117,238
2023-03-22;4,580;40;49,384;202,601,500;4,520;4,580;4,520;117,752;117,752
2023-03-21;4,540;40;77;350,120;4,560;4,560;4,540;116,723;116,723
2023-03-20;4,580;20;366;1,657,620;4,540;4,640;4,520;117,752;117,752
2023-03-17;4,600;60;833;3,786,280;4,660;4,660;4,500;118,266;118,266
2023-03-16;4,660;0;1,455;6,566,280;4,660;4,660;4,500;119,809;119,809
2023-03-15;4,660;0;53;245,960;4,660;4,660;4,540;119,809;119,809
2023-03-14;4,660;40;1,533;7,144,980;4,660;4,680;4,600;119,809;119,809
2023-03-13;4,620;40;184;856,600;4,660;4,680;4,620;118,780;118,780
2023-03-10;4,660;40;1,976;9,170,080;4,700;4,700;4,600;119,809;119,809
2023-03-09;4,700;0;117;549,900;4,700;4,700;4,700;120,837;120,837
2023-03-07;4,700;20;99;465,460;4,720;4,720;4,700;120,837;120,837
2023-03-06;4,720;20;94;443,820;4,740;4,740;4,700;121,351;121,351
2023-03-03;4,700;0;239;1,125,720;4,720;4,720;4,700;120,837;120,837
2023-03-02;4,700;0;156;738,660;4,760;4,760;4,700;120,837;120,837
2023-03-01;4,700;20;1,772;8,293,020;4,760;4,760;4,660;120,837;120,837
2023-02-28;4,720;0;327;1,539,080;4,720;4,720;4,680;121,351;121,351
2023-02-27;4,720;20;346;1,632,740;4,740;4,740;4,700;121,351;121,351
2023-02-24;4,700;20;1,031;4,858,300;4,760;4,760;4,680;120,837;120,837
2023-02-23;4,720;0;1,236;5,821,040;4,760;4,760;4,700;121,351;121,351
2023-02-22;4,720;60;23,208;110,336,600;4,780;4,780;4,700;121,351;121,351
2023-02-21;4,780;60;1,758;8,309,260;4,820;4,820;4,700;122,894;122,894
2023-02-20;4,720;60;1,949;9,015,980;4,600;4,760;4,600;121,351;121,351
2023-02-17;4,780;20;1,535;7,255,520;4,720;4,800;4,700;122,894;122,894
2023-02-16;4,800;20;377;1,796,680;4,780;4,800;4,740;123,408;123,408
2023-02-15;4,780;0;247;1,180,660;4,780;4,780;4,780;122,894;122,894
2023-02-14;4,780;20;1,102;5,262,960;4,780;4,780;4,740;122,894;122,894
2023-02-13;4,800;0;25;119,700;4,780;4,800;4,760;123,408;123,408
2023-02-10;4,800;20;2,929;13,812,320;4,600;4,800;4,600;123,408;123,408
2023-02-09;4,820;20;642;3,084,440;4,820;4,820;4,800;123,922;123,922
2023-02-08;4,800;0;1,201;5,765,080;5,080;5,080;4,800;123,408;123,408
2023-02-07;4,800;0;610;2,924,980;4,800;4,800;4,760;123,408;123,408
2023-02-06;4,800;0;61;292,800;4,800;4,800;4,800;123,408;123,408
2023-02-03;4,800;0;687;3,295,000;4,820;4,820;4,760;123,408;123,408
2023-02-02;4,800;0;1,226;5,882,620;4,800;4,820;4,780;123,408;123,408
2023-02-01;4,800;0;1,626;7,972,340;4,800;5,100;4,780;123,408;123,408
2023-01-31;4,800;0;1,454;6,925,820;5,100;5,100;4,740;123,408;123,408
2023-01-30;4,800;20;662;3,164,980;4,820;4,820;4,780;123,408;123,408
2023-01-27;4,820;0;848;4,071,460;4,820;4,820;4,800;123,922;123,922
2023-01-26;4,820;0;3;14,460;4,820;4,820;4,820;123,922;123,922
2023-01-25;4,820;20;324;1,555,300;4,800;4,820;4,800;123,922;123,922
2023-01-24;4,800;20;364;1,746,660;4,800;4,820;4,780;123,408;123,408
2023-01-23;4,820;0;91;438,620;4,820;4,820;4,820;123,922;123,922
2023-01-20;4,820;20;557;2,673,740;4,800;4,820;4,800;123,922;123,922
2023-01-19;4,840;40;1,599;7,657,340;4,780;4,900;4,780;124,436;124,436
2023-01-18;4,800;0;266;1,273,240;4,820;4,820;4,760;123,408;123,408
2023-01-17;4,800;20;920;4,405,960;4,820;4,820;4,740;123,408;123,408
2023-01-16;4,820;0;1,396;6,704,880;4,800;4,820;4,760;123,922;123,922
2023-01-13;4,820;0;390;1,872,580;4,720;4,820;4,720;123,922;123,922
2023-01-12;4,820;0;0;0;-;4,820;4,820;123,922;123,922
2023-01-11;4,820;20;1,369;6,596,580;4,800;4,820;4,800;123,922;123,922
2023-01-10;4,800;20;256;1,228,820;4,820;4,820;4,800;123,408;123,408
2023-01-09;4,820;20;362;1,740,020;4,860;4,860;4,800;123,922;123,922
2023-01-06;4,800;0;314;1,501,940;4,780;4,800;4,780;123,408;123,408
2023-01-05;4,800;0;712;3,418,700;4,880;4,880;4,760;123,408;123,408
2023-01-04;4,800;160;4,389;20,928,400;4,540;4,860;4,540;123,408;123,408
2023-01-03;4,960;0;422;2,092,340;4,960;4,960;4,940;127,522;127,522
2023-01-02;4,960;0;31;153,560;4,960;4,960;4,940;127,522;127,522
2022-12-30;4,960;0;1,469;7,279,740;4,940;4,960;4,940;127,522;127,522
2022-12-29;4,960;40;122;600,140;4,900;4,960;4,900;127,522;127,522
2022-12-28;4,920;0;60;295,220;4,940;4,940;4,920;126,493;126,493
2022-12-27;4,920;20;165;811,380;4,940;4,940;4,900;126,493;126,493
2022-12-26;4,940;40;199;978,980;4,900;4,940;4,900;127,007;127,007
2022-12-23;4,900;20;230;1,128,040;4,920;4,920;4,900;125,979;125,979
2022-12-22;4,920;20;541;2,657,320;4,920;4,940;4,900;126,493;126,493
2022-12-21;4,940;100;47,215;210,627,680;4,920;4,940;4,920;127,007;127,007
2022-12-20;4,840;100;424,285;1,892,434,020;4,800;4,940;4,800;124,436;124,436
2022-12-19;4,940;20;37;178,480;4,800;4,940;4,800;127,007;127,007
2022-12-16;4,920;20;656;3,227,020;4,920;4,920;4,900;126,493;126,493
2022-12-15;4,940;40;808;3,935,440;4,940;4,940;4,860;127,007;127,007
2022-12-14;4,900;0;165;806,780;4,900;4,900;4,840;125,979;125,979
2022-12-13;4,900;20;1,892;9,356,560;4,840;5,000;4,840;125,979;125,979
2022-12-12;4,920;120;3,637;17,926,520;4,840;5,100;4,760;126,493;126,493
2022-12-09;4,800;20;6,637;31,649,920;4,720;4,800;4,720;123,408;123,408
2022-12-08;4,780;0;4,652;22,217,860;4,820;4,820;4,720;122,894;122,894
2022-12-07;4,780;40;659;3,150,640;4,820;4,820;4,780;122,894;122,894
2022-12-06;4,820;20;9,520;45,756,440;4,840;4,840;4,800;123,922;123,922
2022-12-05;4,800;20;1,342;6,428,940;4,840;4,840;4,700;123,408;123,408
2022-12-02;4,780;20;8,181;38,954,800;4,880;4,880;4,680;122,894;122,894
2022-12-01;4,760;40;9,488;45,220,900;4,840;4,860;4,700;122,380;122,380
2022-11-30;4,800;20;196;936,520;4,800;4,800;4,760;123,408;123,408
2022-11-29;4,820;20;32;153,960;4,880;4,880;4,780;123,922;123,922
2022-11-28;4,800;100;1,857;8,539,960;4,960;4,960;4,460;123,408;123,408
2022-11-25;4,900;40;7,765;37,941,680;4,920;4,920;4,880;125,979;125,979
2022-11-24;4,940;20;38;186,300;4,900;4,960;4,900;127,007;127,007
2022-11-23;4,920;20;156;765,100;4,960;4,960;4,880;126,493;126,493
2022-11-22;4,940;40;481;2,372,080;4,900;4,960;4,900;127,007;127,007
2022-11-21;4,980;20;346;1,710,940;4,960;4,980;4,900;128,036;128,036
2022-11-18;4,960;20;222;1,102,540;4,980;4,980;4,920;127,522;127,522
2022-11-17;4,940;60;247;1,218,540;4,920;4,960;4,900;127,007;127,007
2022-11-16;4,880;20;1,145;5,521,400;4,820;4,940;4,820;125,465;125,465
2022-11-15;4,900;100;326;1,604,020;5,000;5,000;4,900;125,979;125,979
2022-11-14;5,000;40;416;2,058,300;5,020;5,020;4,780;128,550;128,550
2022-11-11;4,960;100;481;2,358,500;5,080;5,080;4,840;127,522;127,522
2022-11-10;4,860;0;513;2,455,380;4,860;4,860;4,700;124,951;124,951
2022-11-04;4,860;260;5,097;24,526,040;5,200;5,200;4,740;124,951;124,951
2022-11-03;5,120;140;1,623;8,294,600;5,300;5,300;5,020;131,635;131,635
2022-11-02;5,260;20;221;1,170,420;5,300;5,320;5,260;135,235;135,235
2022-11-01;5,280;160;282;1,500,480;5,420;5,420;5,260;135,749;135,749
2022-10-31;5,440;120;2,843;14,832,320;5,460;5,480;5,000;139,862;139,862
2022-10-28;5,320;580;8,211;46,070,640;6,080;6,080;5,320;136,777;136,777
2022-10-27;5,900;120;2,442;14,388,220;5,800;5,980;5,800;151,689;151,689
2022-10-26;5,780;180;3,326;19,022,760;5,600;5,800;5,500;148,604;148,604
2022-10-25;5,600;400;3,794;20,420,240;5,200;5,600;5,140;143,976;143,976
2022-10-24;5,200;20;6,600;33,884,220;5,160;5,300;4,960;133,692;133,692
2022-10-21;5,180;240;6,069;30,574,840;4,940;5,200;4,940;133,178;133,178
2022-10-20;4,940;60;1,595;7,773,900;4,880;4,940;4,720;127,007;127,007
2022-10-19;4,880;220;2,982;14,101,840;4,640;4,900;4,640;125,465;125,465
2022-10-18;4,660;40;849;3,941,720;4,600;4,700;4,520;119,809;119,809
2022-10-17;4,620;0;153;697,760;4,440;4,660;4,440;118,780;118,780
2022-10-14;4,620;200;2,255;10,293,240;4,420;4,660;4,420;118,780;118,780
2022-10-13;4,420;220;898;3,766,580;4,200;4,440;4,000;113,638;113,638
2022-10-12;4,200;200;7,496;28,603,450;4,000;4,200;3,760;107,982;107,982
2022-10-11;4,000;60;994;3,916,890;3,990;4,020;3,800;102,840;102,840
2022-10-10;3,940;150;537;2,115,900;3,820;4,100;3,820;101,297;101,297
2022-10-07;3,790;30;896;3,373,920;3,760;3,800;3,760;97,441;97,441
2022-10-06;3,760;10;118;443,680;3,760;3,760;3,760;96,670;96,670
2022-10-05;3,770;10;465;1,709,280;3,760;3,770;3,670;96,927;96,927
2022-10-04;3,780;60;115;435,240;3,840;3,840;3,780;97,184;97,184
2022-10-03;3,840;170;46;175,890;4,000;4,000;3,670;98,726;98,726
2022-09-30;3,670;10;1,673;6,124,630;3,660;3,670;3,660;94,356;94,356
2022-09-29;3,660;60;2;7,320;3,660;3,660;3,660;94,099;94,099
2022-09-28;3,600;10;1,000;3,600,190;3,630;3,630;3,600;92,556;92,556
2022-09-27;3,610;80;212;750,430;3,680;3,680;3,530;92,813;92,813
2022-09-23;3,530;130;1,150;4,139,050;3,660;3,690;3,530;90,756;90,756
2022-09-22;3,660;170;508;1,783,370;3,500;3,720;3,500;94,099;94,099
2022-09-21;3,490;160;3,608;12,182,520;3,650;3,650;3,290;89,728;89,728
2022-09-20;3,650;220;3;10,510;3,430;3,650;3,430;93,842;93,842
2022-09-19;3,430;210;735;2,504,490;3,370;3,460;3,370;88,185;88,185
2022-09-16;3,640;10;95;342,560;3,640;3,640;3,600;93,584;93,584
2022-09-15;3,650;50;25;89,130;3,600;3,650;3,560;93,842;93,842
2022-09-14;3,600;10;51;183,880;3,590;3,620;3,590;92,556;92,556
2022-09-13;3,590;80;222;797,770;3,630;3,630;3,520;92,299;92,299
2022-09-12;3,510;140;41;144,050;3,650;3,650;3,510;90,242;90,242
2022-09-09;3,650;0;61;223,140;3,650;3,680;3,650;93,842;93,842
2022-09-08;3,650;40;630;2,291,240;3,600;3,740;3,600;93,842;93,842
2022-09-07;3,610;380;4,414;16,285,830;3,970;3,970;3,600;92,813;92,813
2022-09-06;3,990;170;207;827,560;4,060;4,060;3,800;102,583;102,583
2022-09-05;4,160;270;1;4,160;4,160;4,160;4,160;106,954;106,954
2022-09-02;3,890;0;0;0;-;3,890;3,890;100,012;100,012
2022-09-01;3,890;0;152;591,280;3,890;3,890;3,890;100,012;100,012
2022-08-31;3,890;10;86;334,750;3,900;3,900;3,890;100,012;100,012
2022-08-30;3,900;0;62;242,340;3,890;3,970;3,890;100,269;100,269
2022-08-29;3,900;20;212;826,540;3,850;3,920;3,850;100,269;100,269
2022-08-26;3,920;30;76;298,060;3,940;3,940;3,920;100,783;100,783
2022-08-25;3,950;20;860;3,331,380;3,870;3,950;3,870;101,554;101,554
2022-08-24;3,970;40;468;1,828,340;3,930;3,970;3,900;102,069;102,069
2022-08-23;3,930;0;11;43,230;3,930;3,930;3,930;101,040;101,040
2022-08-22;3,930;50;29;114,920;3,980;3,980;3,930;101,040;101,040
2022-08-19;3,980;0;36;142,370;3,990;3,990;3,900;102,326;102,326
2022-08-18;3,980;10;542;2,115,710;3,990;3,990;3,900;102,326;102,326
2022-08-17;3,990;0;9;35,910;3,990;3,990;3,990;102,583;102,583
2022-08-16;3,990;20;189;720,670;3,800;3,990;3,800;102,583;102,583
2022-08-15;3,970;10;1,280;5,019,220;3,990;3,990;3,900;102,069;102,069
2022-08-12;3,980;20;522;2,060,120;3,900;4,060;3,900;102,326;102,326
2022-08-11;4,000;0;60;239,830;4,000;4,000;3,990;102,840;102,840
2022-08-10;4,000;40;1,080;4,320,040;4,040;4,040;4,000;102,840;102,840
2022-08-09;4,040;40;1,531;6,058,280;4,040;4,040;3,900;103,868;103,868
2022-08-08;4,080;20;115;469,200;4,080;4,080;4,080;104,897;104,897
2022-08-05;4,100;0;54;221,400;4,100;4,100;4,100;105,411;105,411
2022-08-04;4,100;40;19;77,820;4,140;4,140;4,080;105,411;105,411
2022-08-03;4,140;20;72;298,120;4,160;4,160;4,140;106,439;106,439
2022-08-02;4,160;20;60;249,620;4,180;4,180;4,140;106,954;106,954
2022-08-01;4,180;80;2;8,360;4,180;4,180;4,180;107,468;107,468
2022-07-29;4,100;0;136;558,700;4,200;4,200;4,060;105,411;105,411
2022-07-28;4,100;20;438;1,820,760;4,380;4,380;4,100;105,411;105,411
2022-07-27;4,080;40;43;176,200;4,100;4,100;4,080;104,897;104,897
2022-07-26;4,040;160;34;140,320;4,200;4,200;4,040;103,868;103,868
2022-07-25;4,200;20;115;463,560;4,240;4,240;4,000;107,982;107,982
2022-07-22;4,180;0;285;1,191,100;4,180;4,180;4,160;107,468;107,468
2022-07-21;4,180;60;164;659,860;4,020;4,200;4,020;107,468;107,468
2022-07-20;4,120;0;281;1,152,400;4,120;4,120;4,020;105,925;105,925
2022-07-19;4,120;60;876;3,625,640;4,140;4,140;4,120;105,925;105,925
2022-07-18;4,180;20;493;2,066,820;4,200;4,200;4,120;107,468;107,468
2022-07-15;4,200;180;519;2,207,940;4,200;4,320;4,200;107,982;107,982
2022-07-14;4,380;0;246;1,074,120;4,380;4,380;4,320;112,610;112,610
2022-07-13;4,380;0;122;534,060;4,400;4,400;4,360;112,610;112,610
2022-07-12;4,380;40;258;1,084,980;4,340;4,400;4,200;112,610;112,610
2022-07-11;4,340;20;76;332,360;4,600;4,600;4,320;111,581;111,581
2022-07-08;4,320;20;610;2,614,480;4,340;4,340;4,240;111,067;111,067
2022-07-07;4,300;40;808;3,475,820;4,400;4,400;4,240;110,553;110,553
2022-07-06;4,340;40;174;755,040;4,340;4,380;4,300;111,581;111,581
2022-07-05;4,300;0;72;309,960;4,300;4,320;4,300;110,553;110,553
2022-07-04;4,300;100;671;2,910,760;4,500;4,500;4,300;110,553;110,553
2022-07-01;4,400;120;498;2,218,720;4,520;4,520;4,400;113,124;113,124
2022-06-30;4,520;0;282;1,269,080;4,520;4,520;4,480;116,209;116,209
2022-06-29;4,520;0;77;348,040;4,520;4,520;4,520;116,209;116,209
2022-06-28;4,520;20;187;844,200;4,540;4,540;4,500;116,209;116,209
2022-06-27;4,500;100;1,164;5,200,100;4,540;4,540;4,400;115,695;115,695
2022-06-24;4,400;100;1,324;5,832,240;4,500;4,500;4,400;113,124;113,124
2022-06-23;4,500;60;163;723,640;4,400;4,600;4,400;115,695;115,695
2022-06-22;4,440;0;511;2,266,640;4,440;4,440;4,420;114,152;114,152
2022-06-21;4,440;80;1,088;4,856,320;4,520;4,520;4,440;114,152;114,152
2022-06-20;4,520;160;855;3,884,720;4,740;4,740;4,520;116,209;116,209
2022-06-17;4,680;120;1;4,680;4,680;4,680;4,680;120,323;120,323
2022-06-16;4,560;140;1,298;5,949,040;4,600;4,680;4,500;117,238;117,238
2022-06-15;4,700;20;719;3,365,320;4,680;4,700;4,660;120,837;120,837
2022-06-14;4,680;40;438;2,033,000;4,620;4,720;4,620;120,323;120,323
2022-06-13;4,720;20;340;1,603,680;4,700;4,720;4,640;121,351;121,351
2022-06-10;4,700;20;1,662;7,711,180;4,680;4,700;4,620;120,837;120,837
2022-06-09;4,680;120;2,531;11,923,000;4,800;4,860;4,680;120,323;120,323
2022-06-08;4,800;20;841;3,971,600;4,780;4,880;4,700;123,408;123,408
2022-06-07;4,780;60;216;1,027,680;4,820;4,820;4,720;122,894;122,894
2022-06-03;4,840;140;153;729,920;4,860;4,880;4,720;124,436;124,436
2022-06-02;4,700;0;488;2,299,000;4,720;4,820;4,700;120,837;120,837
2022-06-01;4,700;200;119;565,280;4,920;4,920;4,700;120,837;120,837
2022-05-31;4,900;100;199;962,560;4,900;4,940;4,820;125,979;125,979
2022-05-30;4,800;80;1,056;5,114,920;4,880;4,880;4,800;123,408;123,408
2022-05-27;4,880;20;42;203,940;4,860;4,880;4,660;125,465;125,465
2022-05-26;4,860;20;643;3,112,860;4,880;4,880;4,800;124,951;124,951
2022-05-25;4,840;40;1,681;8,017,660;4,880;4,900;4,720;124,436;124,436
2022-05-24;4,880;20;131;640,200;4,900;4,900;4,860;125,465;125,465
2022-05-23;4,900;140;1,891;8,945,240;5,000;5,000;4,540;125,979;125,979
2022-05-20;5,040;180;85;416,440;4,860;5,040;4,820;129,578;129,578
2022-05-18;4,860;60;457;2,201,800;4,840;4,880;4,800;124,951;124,951
2022-05-17;4,800;60;68;332,060;4,860;4,920;4,800;123,408;123,408
2022-05-16;4,860;40;861;4,203,240;4,940;4,940;4,860;124,951;124,951
2022-05-13;4,900;80;339;1,671,300;5,000;5,000;4,900;125,979;125,979
2022-05-12;4,980;20;433;2,113,000;4,960;4,980;4,840;128,036;128,036
2022-05-11;4,960;20;586;2,859,700;4,900;5,000;4,780;127,522;127,522
2022-05-10;4,980;20;1,638;8,054,560;4,980;5,000;4,900;128,036;128,036
2022-05-09;5,000;60;1,583;7,876,420;5,060;5,060;4,900;128,550;128,550
2022-05-06;5,060;60;568;2,840,100;5,000;5,060;4,980;130,093;130,093
2022-05-05;5,000;40;158;765,620;4,540;5,000;4,540;128,550;128,550
2022-05-04;4,960;20;2,159;10,585,740;4,960;4,980;4,880;127,522;127,522
2022-05-03;4,980;20;326;1,612,900;4,940;4,980;4,880;128,036;128,036
2022-05-02;4,960;40;1,426;7,012,460;5,000;5,000;4,900;127,522;127,522
2022-04-29;5,000;0;1,016;5,010,760;5,000;5,080;4,820;128,550;128,550
2022-04-28;5,000;100;929;4,681,840;5,080;5,100;4,720;128,550;128,550
2022-04-27;5,100;0;907;4,577,260;5,100;5,100;4,900;131,121;131,121
2022-04-26;5,100;0;1,041;5,218,600;5,100;5,100;5,000;131,121;131,121
2022-04-25;5,100;0;133;678,400;5,200;5,200;5,080;131,121;131,121
2022-04-22;5,100;20;566;2,886,180;5,100;5,100;5,000;131,121;131,121
2022-04-21;5,080;20;911;4,612,700;5,120;5,120;5,000;130,607;130,607
2022-04-20;5,100;0;2,293;11,558,320;5,200;5,200;4,940;131,121;131,121
2022-04-19;5,100;120;2,087;10,793,460;5,240;5,240;5,100;131,121;131,121
2022-04-18;5,220;0;333;1,734,460;5,220;5,280;5,180;134,206;134,206
2022-04-13;5,220;20;922;4,802,960;5,200;5,220;5,200;134,206;134,206
2022-04-12;5,200;0;1,573;8,120,400;5,300;5,300;5,100;133,692;133,692
2022-04-11;5,200;0;5,538;28,720,320;5,480;5,480;5,120;133,692;133,692
2022-04-08;5,200;200;4,554;23,416,560;5,380;5,380;5,000;133,692;133,692
2022-04-07;5,000;240;6,757;32,850,620;4,600;5,000;4,600;128,550;128,550
2022-04-06;4,760;520;11,586;55,669,140;4,800;5,180;4,760;122,380;122,380
2022-04-05;5,280;360;7,008;36,723,960;5,700;5,700;5,080;135,749;135,749
2022-04-04;5,640;0;1,624;9,131,520;5,800;5,800;5,480;145,004;145,004
2022-04-01;5,640;240;1,452;8,066,860;5,580;5,680;5,400;145,004;145,004
2022-03-31;5,400;40;1,052;5,692,600;5,500;5,500;5,300;138,834;138,834
2022-03-30;5,440;20;1,405;7,677,960;5,480;5,520;5,180;139,862;139,862
2022-03-29;5,460;420;19,282;105,251,300;5,840;5,880;5,360;140,377;140,377
2022-03-28;5,880;20;1,951;11,467,760;5,900;5,920;5,800;151,175;151,175
2022-03-25;5,900;100;9,765;57,275,760;6,000;6,000;5,800;151,689;151,689
2022-03-24;6,000;0;2,058;12,372,060;6,080;6,080;5,800;154,260;154,260
2022-03-23;6,000;200;12,471;74,603,760;6,200;6,360;5,800;154,260;154,260
2022-03-22;6,200;300;27,951;171,073,560;6,500;6,500;5,860;159,402;159,402
2022-03-21;6,500;120;7,354;47,501,680;6,420;6,760;6,000;167,115;167,115
2022-03-18;6,380;540;8,966;55,628,880;6,400;6,400;5,800;164,030;164,030
2022-03-17;5,840;520;36,254;200,780,920;5,840;5,840;4,800;150,146;150,146
2022-03-16;5,320;480;2,440;12,980,800;5,320;5,320;5,320;136,777;136,777
2022-03-15;4,840;440;2,015;9,752,600;4,840;4,840;4,840;124,436;124,436
2022-03-14;4,400;400;2,459;10,819,600;4,400;4,400;4,400;113,124;113,124
2022-03-11;4,000;360;22,637;75,060,800;3,280;4,000;3,280;102,840;102,840
2022-03-10;3,640;400;847;3,083,080;3,640;3,640;3,640;93,584;93,584
2022-03-09;4,040;440;2,683;10,839,320;4,040;4,040;4,040;103,868;103,868
2022-03-07;4,480;480;1,429;6,401,920;4,480;4,480;4,480;115,181;115,181
2022-03-04;4,960;540;943;4,677,280;4,960;4,960;4,960;127,522;127,522
2022-03-03;5,500;600;533;2,931,500;5,500;5,500;5,500;141,405;141,405
2022-03-02;6,100;660;822;5,014,200;6,100;6,100;6,100;156,831;156,831
2022-03-01;6,760;740;35,689;289,885,000;8,240;8,240;6,760;173,800;173,800
2022-02-28;7,500;680;3,053;22,897,500;7,500;7,500;7,500;192,825;192,825
2022-02-25;6,820;620;5,587;38,103,340;6,820;6,820;6,820;175,342;175,342
2022-02-24;6,200;560;4,941;30,634,200;6,200;6,200;6,200;159,402;159,402
2022-02-23;5,640;500;456;2,571,840;5,640;5,640;5,640;145,004;145,004
2022-02-22;5,140;460;33;169,620;5,140;5,140;5,140;132,149;132,149
2022-02-21;4,680;420;336;1,572,480;4,680;4,680;4,680;120,323;120,323
2022-02-18;4,260;380;1,394;5,938,440;4,260;4,260;4,260;109,525;109,525
2022-02-17;3,880;350;562;2,180,560;3,880;3,880;3,880;99,755;99,755
2022-02-16;3,530;320;680;2,400,400;3,530;3,530;3,530;90,756;90,756
2022-02-15;3,210;290;1,037;3,328,770;3,210;3,210;3,210;82,529;82,529
2022-02-14;2,920;260;3,650;10,658,000;2,920;2,920;2,920;75,073;75,073
2022-02-11;2,660;240;10,651;28,331,660;2,660;2,660;2,660;68,389;68,389
2022-02-10;2,420;220;301,445;691,387,000;2,200;2,420;2,190;62,218;62,218
