Date;Closing Price;Change;Trading Volume (shr);Trading Value (KHR);Opening;High;Low;Market Cap. (Mil.KHR);Full Market Cap. (Mil.KHR)
2025-09-19;1,990;0;4,982;9,865,960;1,980;1,990;1,980;644,878;644,878
2025-09-18;1,990;0;2,953;5,875,470;1,980;2,000;1,980;644,878;644,878
2025-09-17;1,990;10;2,745;5,377,820;1,980;1,990;1,980;644,878;644,878
2025-09-16;1,980;10;4,355;8,634,980;2,000;2,000;1,980;641,638;641,638
2025-09-15;1,990;0;3,643;7,254,180;1,990;1,990;1,980;644,878;644,878
2025-09-12;1,990;10;4,030;8,002,310;1,980;1,990;1,980;644,878;644,878
2025-09-11;1,980;0;1,439;2,848,350;1,980;1,980;1,970;641,638;641,638
2025-09-10;1,980;10;3,400;6,734,840;1,990;1,990;1,980;641,638;641,638
2025-09-09;1,990;0;6,995;13,865,500;1,980;1,990;1,980;644,878;644,878
2025-09-08;1,990;0;3,211;6,367,760;1,980;1,990;1,970;644,878;644,878
2025-09-05;1,990;10;6,526;12,901,630;1,980;1,990;1,970;644,878;644,878
2025-09-04;1,980;10;8,159;16,065,760;1,980;1,980;1,950;641,638;641,638
2025-09-03;1,990;10;961;1,908,360;2,000;2,000;1,980;644,878;644,878
2025-09-02;2,000;10;13,872;27,411,190;1,990;2,000;1,950;648,119;648,119
2025-09-01;1,990;0;7,854;15,526,070;1,970;1,990;1,970;644,878;644,878
2025-08-29;1,990;0;8,992;17,806,910;1,980;1,990;1,980;644,878;644,878
2025-08-28;1,990;0;3,616;7,169,340;1,980;1,990;1,980;644,878;644,878
2025-08-27;1,990;0;1,848;3,665,000;1,990;1,990;1,980;644,878;644,878
2025-08-26;1,990;0;10,167;20,164,470;1,980;1,990;1,980;644,878;644,878
2025-08-25;1,990;10;8,683;17,217,380;1,990;1,990;1,970;644,878;644,878
2025-08-22;2,000;0;3,733;7,437,290;2,000;2,000;1,980;648,119;648,119
2025-08-21;2,000;0;1,473;2,936,640;1,990;2,000;1,990;648,119;648,119
2025-08-20;2,000;10;17,144;34,056,620;1,980;2,000;1,980;648,119;648,119
2025-08-19;1,990;0;5,106;10,132,550;1,980;1,990;1,980;644,878;644,878
2025-08-18;1,990;10;2,829;5,629,070;1,990;1,990;1,980;644,878;644,878
2025-08-15;2,000;0;7,422;14,769,670;1,990;2,000;1,980;648,119;648,119
2025-08-14;2,000;0;3,527;6,961,260;1,970;2,000;1,970;648,119;648,119
2025-08-13;2,000;10;5,064;10,074,280;1,980;2,000;1,980;648,119;648,119
2025-08-12;1,990;0;6,893;13,650,860;1,990;1,990;1,970;644,878;644,878
2025-08-11;1,990;10;9,525;18,886,330;1,980;2,000;1,980;644,878;644,878
2025-08-08;1,980;10;876;1,740,350;1,990;1,990;1,980;641,638;641,638
2025-08-07;1,990;10;9,378;18,548,850;1,980;1,990;1,970;644,878;644,878
2025-08-06;1,980;0;1,682;3,322,580;1,990;1,990;1,970;641,638;641,638
2025-08-05;1,980;0;7,709;15,231,090;1,970;1,990;1,970;641,638;641,638
2025-08-04;1,980;0;14,284;28,249,100;1,980;1,990;1,970;641,638;641,638
2025-08-01;1,980;10;19,197;37,969,610;1,980;1,990;1,970;641,638;641,638
2025-07-31;1,990;0;3,361;6,686,770;1,990;1,990;1,980;644,878;644,878
2025-07-30;1,990;0;6,119;12,101,290;1,980;1,990;1,980;644,878;644,878
2025-07-29;1,990;0;10,203;20,149,470;1,980;1,990;1,970;644,878;644,878
2025-07-28;1,990;10;3,831;7,583,110;1,980;1,990;1,970;644,878;644,878
2025-07-25;1,980;10;3,175;6,305,690;1,990;2,000;1,980;641,638;641,638
2025-07-24;1,990;10;20,694;40,949,570;1,980;2,000;1,960;644,878;644,878
2025-07-23;2,000;10;17,107;34,039,720;2,000;2,000;1,980;648,119;648,119
2025-07-22;1,990;10;13,318;26,451,570;2,000;2,000;1,980;644,878;644,878
2025-07-21;2,000;10;14,790;29,375,510;1,990;2,000;1,980;648,119;648,119
2025-07-18;1,990;10;16,856;33,520,150;2,000;2,000;1,980;644,878;644,878
2025-07-17;2,000;0;5,403;10,742,320;2,000;2,000;1,980;648,119;648,119
2025-07-16;2,000;10;13,029;25,899,800;1,990;2,010;1,980;648,119;648,119
2025-07-15;1,990;0;9,053;17,954,330;1,980;1,990;1,980;644,878;644,878
2025-07-14;1,990;0;5,432;10,788,260;1,980;1,990;1,980;644,878;644,878
2025-07-11;1,990;10;5,464;10,848,610;1,980;1,990;1,980;644,878;644,878
2025-07-10;2,000;10;35,112;69,278,080;1,990;2,000;1,970;648,119;648,119
2025-07-09;1,990;10;23,153;45,823,630;1,970;1,990;1,970;644,878;644,878
2025-07-08;2,000;0;35,761;70,985,670;1,980;2,000;1,980;648,119;648,119
2025-07-07;2,000;0;13,582;26,955,340;1,980;2,000;1,980;648,119;648,119
2025-07-04;2,000;10;43,134;85,833,050;2,010;2,010;1,980;648,119;648,119
2025-07-03;2,010;20;29,812;59,343,820;2,000;2,010;1,980;651,360;651,360
2025-07-02;1,990;20;81,433;162,333,920;1,990;2,010;1,990;644,878;644,878
2025-07-01;2,010;0;19,802;39,665,440;2,010;2,020;2,000;651,360;651,360
2025-06-30;2,010;20;65,955;132,004,430;2,000;2,020;1,990;651,360;651,360
2025-06-27;2,030;10;4,985;10,062,440;2,020;2,030;2,010;657,841;657,841
2025-06-26;2,020;0;12,296;24,775,310;2,010;2,020;2,000;654,600;654,600
2025-06-25;2,020;0;11,060;22,266,160;2,020;2,020;2,010;654,600;654,600
2025-06-24;2,020;0;2,692;5,438,360;2,030;2,030;2,010;654,600;654,600
2025-06-23;2,020;10;5,625;11,366,560;2,030;2,030;2,020;654,600;654,600
2025-06-20;2,030;10;3,841;7,746,810;2,030;2,030;2,010;657,841;657,841
2025-06-19;2,020;10;6,591;13,311,210;2,020;2,030;2,010;654,600;654,600
2025-06-17;2,030;10;5,790;11,696,130;2,020;2,030;2,010;657,841;657,841
2025-06-16;2,020;0;15,602;31,512,660;2,020;2,030;2,010;654,600;654,600
2025-06-13;2,020;0;5,104;10,308,310;2,020;2,020;2,010;654,600;654,600
2025-06-12;2,020;0;7,316;14,756,370;2,020;2,030;2,010;654,600;654,600
2025-06-11;2,020;0;3,705;7,456,180;2,020;2,020;2,010;654,600;654,600
2025-06-10;2,020;0;14,322;28,793,210;2,020;2,020;2,000;654,600;654,600
2025-06-09;2,020;0;10,822;21,764,970;2,010;2,020;2,010;654,600;654,600
2025-06-06;2,020;10;3,911;7,899,860;2,020;2,030;2,010;654,600;654,600
2025-06-05;2,030;0;5,223;10,530,910;2,020;2,030;2,010;657,841;657,841
2025-06-04;2,030;10;5,014;10,144,530;2,030;2,030;2,020;657,841;657,841
2025-06-03;2,020;10;8,168;16,515,610;2,020;2,030;2,010;654,600;654,600
2025-06-02;2,030;10;8,170;16,489,030;2,020;2,030;2,010;657,841;657,841
2025-05-30;2,020;0;12,981;26,143,670;2,010;2,030;2,010;654,600;654,600
2025-05-29;2,020;0;9,116;18,370,580;2,020;2,030;2,010;654,600;654,600
2025-05-28;2,020;0;8,287;16,677,920;2,010;2,020;2,010;654,600;654,600
2025-05-27;2,020;10;7,310;14,765,530;2,020;2,030;2,010;654,600;654,600
2025-05-26;2,030;10;2,977;6,027,240;2,030;2,030;2,020;657,841;657,841
2025-05-23;2,020;0;6,647;13,397,920;2,020;2,020;2,010;654,600;654,600
2025-05-22;2,020;10;9,396;18,965,630;2,010;2,030;2,010;654,600;654,600
2025-05-21;2,010;10;6,043;12,201,690;2,020;2,020;2,010;651,360;651,360
2025-05-20;2,020;0;13,677;27,632,410;2,020;2,030;2,010;654,600;654,600
2025-05-19;2,020;0;12,419;25,069,240;2,030;2,030;2,010;654,600;654,600
2025-05-16;2,020;10;9,285;18,884,620;2,030;2,040;2,020;654,600;654,600
2025-05-13;2,030;10;16,260;33,016,950;2,040;2,040;2,020;657,841;657,841
2025-05-12;2,040;0;16,538;33,558,570;2,040;2,040;2,020;661,081;661,081
2025-05-09;2,040;110;53,341;108,806,690;2,040;2,050;2,020;661,081;661,081
2025-05-08;2,150;10;33,747;72,791,410;2,160;2,170;2,150;696,728;696,728
2025-05-07;2,160;20;40,835;88,783,890;2,180;2,180;2,160;699,969;699,969
2025-05-06;2,180;10;40,178;87,459,620;2,170;2,190;2,170;706,450;706,450
2025-05-05;2,170;10;13,895;30,083,610;2,160;2,170;2,150;703,209;703,209
2025-05-02;2,160;30;34,982;75,522,650;2,190;2,190;2,140;699,969;699,969
2025-04-30;2,190;60;53,359;116,002,210;2,140;2,200;2,140;709,690;709,690
2025-04-29;2,130;0;4,217;8,946,700;2,130;2,140;2,110;690,247;690,247
2025-04-28;2,130;10;2,300;4,878,640;2,120;2,140;2,110;690,247;690,247
2025-04-25;2,140;20;2,441;5,191,640;2,130;2,140;2,120;693,487;693,487
2025-04-24;2,120;0;3,070;6,484,450;2,120;2,120;2,110;687,006;687,006
2025-04-23;2,120;10;6,070;12,790,000;2,100;2,120;2,100;687,006;687,006
2025-04-22;2,110;0;3,970;8,386,170;2,110;2,120;2,110;683,766;683,766
2025-04-21;2,110;10;7,183;15,111,940;2,100;2,120;2,100;683,766;683,766
2025-04-18;2,120;0;4,040;8,497,550;2,120;2,120;2,100;687,006;687,006
2025-04-17;2,120;10;2,590;5,473,520;2,140;2,140;2,110;687,006;687,006
2025-04-11;2,130;20;17,349;36,785,720;2,110;2,140;2,100;690,247;690,247
2025-04-10;2,110;0;674;1,413,210;2,110;2,110;2,090;683,766;683,766
2025-04-09;2,110;10;3,197;6,696,930;2,100;2,110;2,090;683,766;683,766
2025-04-08;2,100;10;4,905;10,316,400;2,100;2,120;2,090;680,525;680,525
2025-04-07;2,110;10;3,267;6,873,200;2,100;2,110;2,090;683,766;683,766
2025-04-04;2100.0;0;2892.0;6049950.0;2100.0;2100.0;2090.0;680525;680525
2025-04-03;2,100;10;3,526;7,382,370;2,100;2,110;2,080;680,525;680,525
2025-04-02;2,110;10;835;1,755,100;2,100;2,120;2,090;683,766;683,766
2025-04-01;2,100;10;1,927;4,053,920;2,110;2,120;2,100;680,525;680,525
2025-03-31;2,110;0;2,100;4,404,560;2,120;2,120;2,090;683,766;683,766
2025-03-28;2,110;0;2,660;5,587,010;2,110;2,110;2,090;683,766;683,766
2025-03-27;2,110;0;1,182;2,485,500;2,120;2,120;2,100;683,766;683,766
2025-03-26;2,110;10;316;666,410;2,120;2,120;2,100;683,766;683,766
2025-03-25;2,100;10;5,153;10,831,570;2,110;2,120;2,100;680,525;680,525
2025-03-24;2,110;10;2,890;6,094,140;2,120;2,120;2,100;683,766;683,766
2025-03-21;2,120;0;7,894;16,724,220;2,120;2,130;2,110;687,006;687,006
2025-03-20;2,120;0;3,015;6,364,150;2,120;2,120;2,110;687,006;687,006
2025-03-19;2,120;0;1,429;3,015,830;2,120;2,120;2,100;687,006;687,006
2025-03-18;2,120;0;4,576;9,645,290;2,120;2,120;2,100;687,006;687,006
2025-03-17;2,120;0;685;1,451,200;2,120;2,120;2,110;687,006;687,006
2025-03-14;2,120;0;2,291;4,846,680;2,120;2,120;2,100;687,006;687,006
2025-03-13;2,120;10;658;1,391,060;2,110;2,120;2,110;687,006;687,006
2025-03-12;2,110;0;4,595;9,785,680;2,110;2,120;2,100;683,766;683,766
2025-03-11;2,110;10;1,908;4,024,540;2,120;2,120;2,100;683,766;683,766
2025-03-10;2,120;0;2,028;4,275,470;2,120;2,120;2,100;687,006;687,006
2025-03-07;2,120;0;1,225;2,587,150;2,110;2,120;2,100;687,006;687,006
2025-03-06;2,120;10;10,676;22,483,130;2,110;2,120;2,100;687,006;687,006
2025-03-05;2,110;0;5,555;11,710,100;2,110;2,110;2,100;683,766;683,766
2025-03-04;2,110;0;4,778;10,075,120;2,110;2,110;2,100;683,766;683,766
2025-03-03;2,110;0;6,567;13,785,440;2,100;2,110;2,090;683,766;683,766
2025-02-28;2,110;0;2,486;5,244,990;2,110;2,110;2,100;683,766;683,766
2025-02-27;2,110;0;2,516;5,284,490;2,090;2,110;2,090;683,766;683,766
2025-02-26;2,110;10;12,788;26,872,700;2,100;2,110;2,090;683,766;683,766
2025-02-25;2,100;10;1,430;3,008,150;2,110;2,110;2,090;680,525;680,525
2025-02-24;2,110;20;12,922;27,129,930;2,090;2,110;2,080;683,766;683,766
2025-02-21;2,090;0;597;1,250,240;2,090;2,100;2,090;677,284;677,284
2025-02-20;2,090;20;3,889;8,127,160;2,100;2,110;2,080;677,284;677,284
2025-02-19;2,110;0;1,716;3,609,130;2,110;2,110;2,100;683,766;683,766
2025-02-18;2,110;0;1,744;3,673,530;2,110;2,110;2,100;683,766;683,766
2025-02-17;2,110;20;5,223;10,938,850;2,090;2,110;2,080;683,766;683,766
2025-02-14;2,090;10;1,724;3,591,010;2,080;2,090;2,080;677,284;677,284
2025-02-13;2,080;10;2,831;5,888,680;2,090;2,090;2,070;674,044;674,044
2025-02-12;2,090;0;1,509;3,140,350;2,090;2,090;2,080;677,284;677,284
2025-02-11;2,090;10;2,581;5,374,110;2,110;2,110;2,070;677,284;677,284
2025-02-10;2080.0;10.0;3695.0;7692110.0;2110.0;2110.0;2070.0;674043;674043
2025-02-07;2,090;10;3,340;6,976,640;2,090;2,090;2,080;677,284;677,284
2025-02-06;2,080;0;2,274;4,730,190;2,090;2,090;2,070;674,044;674,044
2025-02-05;2,080;0;2,912;6,035,040;2,070;2,090;2,070;674,044;674,044
2025-02-04;2080.0;0;403.0;837920.0;2080.0;2090.0;2070.0;674044;674044
2025-02-03;2080.0;0;10800.0;22270640.0;2080.0;2080.0;2060.0;674044;674044
2025-01-31;2,080;0;4,531;9,376,360;2,080;2,080;2,060;674,044;674,044
2025-01-30;2,080;0;2,781;5,784,610;2,100;2,100;2,070;674,044;674,044
2025-01-29;2,080;0;3,376;7,009,440;2,080;2,080;2,070;674,044;674,044
2025-01-28;2080.0;0;4463.0;9242840.0;2080.0;2080.0;2070.0;674044;674044
2025-01-27;2080.0;0;1215.0;2527200.0;2080.0;2080.0;2070.0;674044;674044
2025-01-24;2,080;0;531;1,104,450;2,080;2,080;2,070;674,044;674,044
2025-01-23;2080.0;0;10262.0;21242140.0;2080.0;2080.0;2060.0;674044;674044
2025-01-22;2080.0;0;1866.0;3875790.0;2070.0;2080.0;2070.0;674044;674044
2025-01-21;2080.0;0;5977.0;12386250.0;2080.0;2080.0;2070.0;674044;674044
2025-01-20;2080.0;0;3873.0;8029910.0;2070.0;2080.0;2070.0;674044;674044
2025-01-17;2,080;0;5,145;10,655,960;2,080;2,080;2,060;674,044;674,044
2025-01-16;2,080;10;8,141;16,924,420;2,070;2,080;2,070;674,044;674,044
2025-01-15;2,070;0;1,943;4,021,710;2,070;2,070;2,060;670,803;670,803
2025-01-14;2070.0;0;2500.0;5153580.0;2060.0;2070.0;2060.0;670803;670803
2025-01-13;2070.0;10.0;4955.0;10170400.0;2060.0;2080.0;2050.0;670803;670803
2025-01-10;2,060;10;2,744;5,652,840;2,070;2,070;2,050;667,563;667,563
2025-01-09;2,070;10;5,540;11,445,220;2,070;2,070;2,060;670,803;670,803
2025-01-08;2080.0;0;2656.0;5491470.0;2070.0;2080.0;2060.0;674044.0;674044.0
2025-01-06;2,080;10;3,697;7,665,250;2,070;2,080;2,060;674,044;674,044
2025-01-03;2,070;10;9,707;20,011,050;2,060;2,070;2,060;670,803;670,803
2025-01-02;2,080;0;1,303;2,703,220;2,080;2,080;2,060;674,044;674,044
2024-12-31;2,080;30;17,161;35,416,760;2,060;2,080;2,040;674,044;674,044
2024-12-30;2,050;0;23,100;47,068,060;2,050;2,060;2,030;664,322;664,322
2024-12-27;2,050;0;3,364;6,864,720;2,050;2,050;2,040;664,322;664,322
2024-12-26;2,050;0;1,507;3,078,350;2,050;2,050;2,040;664,322;664,322
2024-12-25;2,050;0;1,108;2,269,990;2,050;2,050;2,040;664,322;664,322
2024-12-24;2,050;0;1,651;3,373,390;2,040;2,050;2,040;664,322;664,322
2024-12-23;2,050;0;6,331;12,909,000;2,040;2,050;2,030;664,322;664,322
2024-12-20;2,050;0;2,630;5,361,630;2,040;2,050;2,030;664,322;664,322
2024-12-19;2,050;0;1,093;2,231,850;2,050;2,050;2,040;664,322;664,322
2024-12-18;2,050;0;574;1,171,860;2,050;2,050;2,040;664,322;664,322
2024-12-17;2,050;10;1,306;2,660,700;2,040;2,050;2,030;664,322;664,322
2024-12-16;2,040;10;12,252;24,933,980;2,040;2,050;2,030;661,081;661,081
2024-12-13;2,050;0;1,812;3,699,800;2,050;2,050;2,040;664,322;664,322
2024-12-12;2,050;0;2,011;4,111,350;2,050;2,050;2,030;664,322;664,322
2024-12-11;2,050;0;3,800;7,732,070;2,050;2,050;2,030;664,322;664,322
2024-12-10;2,050;0;1,160;2,376,100;2,050;2,050;2,040;664,322;664,322
2024-12-09;2,050;0;4,011;8,185,310;2,040;2,050;2,030;664,322;664,322
2024-12-06;2,050;20;5,329;10,871,220;2,040;2,050;2,030;664,322;664,322
2024-12-05;2,030;0;6,579;13,385,590;2,030;2,040;2,030;657,841;657,841
2024-12-04;2,030;10;6,197;12,584,160;2,040;2,040;2,030;657,841;657,841
2024-12-03;2,040;10;6,046;12,330,080;2,050;2,050;2,030;661,081;661,081
2024-12-02;2,050;0;1,309;2,668,340;2,050;2,050;2,030;664,322;664,322
2024-11-29;2,050;0;1,563;3,194,000;2,040;2,050;2,030;664,322;664,322
2024-11-28;2,050;0;4,962;10,099,550;2,030;2,050;2,030;664,322;664,322
2024-11-27;2,050;10;2,447;4,986,980;2,040;2,050;2,030;664,322;664,322
2024-11-26;2,040;0;4,332;8,810,920;2,040;2,040;2,030;661,081;661,081
2024-11-25;2,040;0;3,760;7,665,460;2,040;2,040;2,030;661,081;661,081
2024-11-22;2,040;0;1,481;3,017,550;2,040;2,040;2,030;661,081;661,081
2024-11-21;2,040;10;2,730;5,549,830;2,040;2,040;2,030;661,081;661,081
2024-11-20;2,050;0;1,935;3,947,920;2,050;2,050;2,030;664,322;664,322
2024-11-19;2,050;0;2,100;4,284,180;2,040;2,050;2,030;664,322;664,322
2024-11-18;2,050;0;5,140;10,459,600;2,040;2,050;2,030;664,322;664,322
2024-11-13;2,050;10;15,270;30,440,710;2,040;2,050;2,030;664,322;664,322
2024-11-12;2,040;0;2,595;5,271,120;2,040;2,040;2,030;661,081;661,081
2024-11-11;2,040;0;4,637;9,423,340;2,040;2,040;2,030;661,081;661,081
2024-11-08;2,040;0;8,389;17,033,690;2,040;2,040;2,030;661,081;661,081
2024-11-07;2,040;0;2,718;5,526,990;2,030;2,040;2,030;661,081;661,081
2024-11-06;2,040;0;3,564;7,091,590;2,040;2,040;2,030;661,081;661,081
2024-11-05;2,040;0;2,088;4,248,550;2,040;2,040;2,030;661,081;661,081
2024-11-04;2,040;0;4,025;8,178,110;2,040;2,040;2,030;661,081;661,081
2024-11-01;2,040;10;2,931;5,959,150;2,030;2,040;2,030;661,081;661,081
2024-10-31;2,030;20;4,529;9,237,930;2,030;2,050;2,030;657,841;657,841
2024-10-30;2,050;10;4,964;10,133,940;2,040;2,050;2,040;664,322;664,322
2024-10-28;2,040;20;1,609;3,261,480;2,040;2,040;2,020;661,081;661,081
2024-10-25;2,020;20;20,960;42,728,890;2,040;2,050;2,020;654,600;654,600
2024-10-24;2,040;10;1,707;3,482,570;2,050;2,050;2,040;661,081;661,081
2024-10-23;2,050;10;1,825;3,715,750;2,030;2,050;2,030;664,322;664,322
2024-10-22;2,040;10;1,902;3,863,570;2,050;2,050;2,030;661,081;661,081
2024-10-21;2,050;10;2,725;5,544,590;2,040;2,050;2,030;664,322;664,322
2024-10-18;2,040;10;1,270;2,586,350;2,040;2,050;2,030;661,081;661,081
2024-10-17;2,050;0;67,035;135,929,740;2,050;2,050;2,010;664,322;664,322
2024-10-16;2,050;0;10,771;21,879,470;2,040;2,050;2,030;664,322;664,322
2024-10-14;2,050;0;1,434;2,924,180;2,050;2,050;2,030;664,322;664,322
2024-10-11;2,050;0;1,917;3,912,850;2,050;2,050;2,040;664,322;664,322
2024-10-10;2,050;0;4,602;9,410,350;2,050;2,050;2,040;664,322;664,322
2024-10-09;2,050;0;2,151;4,401,050;2,050;2,050;2,040;664,322;664,322
2024-10-08;2,050;10;8,842;18,024,100;2,040;2,050;2,030;664,322;664,322
2024-10-07;2,040;0;17,993;36,613,090;2,040;2,050;2,030;661,081;661,081
2024-10-04;2,040;0;9,768;19,839,340;2,040;2,040;2,030;661,081;661,081
2024-09-30;2,040;0;19,904;40,365,370;2,040;2,040;2,020;661,081;661,081
2024-09-27;2,040;0;800;1,631,500;2,030;2,040;2,030;661,081;661,081
2024-09-26;2,040;0;6,232;12,617,940;2,040;2,040;2,020;661,081;661,081
2024-09-25;2,040;0;10,052;20,461,940;2,040;2,040;2,030;661,081;661,081
2024-09-23;2,040;0;5,633;11,443,700;2,030;2,040;2,030;661,081;661,081
2024-09-20;2,040;0;997;2,029,630;2,040;2,040;2,030;661,081;661,081
2024-09-19;2,040;0;305;622,200;2,040;2,040;2,040;661,081;661,081
2024-09-18;2,040;0;1,051;2,130,550;2,020;2,040;2,020;661,081;661,081
2024-09-17;2,040;0;1,151;2,347,030;2,040;2,040;2,030;661,081;661,081
2024-09-16;2,040;0;3,513;7,130,870;2,030;2,040;2,020;661,081;661,081
2024-09-13;2,040;0;681;1,388,300;2,040;2,040;2,030;661,081;661,081
2024-09-12;2,040;0;1,376;2,798,470;2,040;2,040;2,030;661,081;661,081
2024-09-11;2,040;0;1,519;3,099,010;2,040;2,040;2,040;661,081;661,081
2024-09-10;2,040;0;1,701;3,454,750;2,040;2,040;2,030;661,081;661,081
2024-09-09;2,040;0;3,042;6,194,650;2,040;2,040;2,030;661,081;661,081
2024-09-06;2,040;0;1,824;3,718,950;2,040;2,040;2,030;661,081;661,081
2024-09-05;2,040;10;4,706;9,623,090;2,040;2,050;2,030;661,081;661,081
2024-09-04;2,050;0;6,025;12,275,370;2,030;2,050;2,020;664,322;664,322
2024-09-03;2,050;10;19,837;40,445,150;2,040;2,050;2,030;664,322;664,322
2024-09-02;2,040;0;4,629;9,397,470;2,030;2,040;2,020;661,081;661,081
2024-08-30;2,040;0;806;1,644,240;2,040;2,040;2,040;661,081;661,081
2024-08-29;2,040;0;8,321;16,896,740;2,040;2,040;2,020;661,081;661,081
2024-08-28;2,040;0;4,066;8,290,850;2,040;2,040;2,030;661,081;661,081
2024-08-27;2,040;10;7,585;15,455,390;2,040;2,040;2,030;661,081;661,081
2024-08-26;2,050;0;8,014;16,350,880;2,050;2,050;2,030;664,322;664,322
2024-08-23;2,050;0;6,330;12,852,520;2,050;2,050;2,020;664,322;664,322
2024-08-22;2,050;20;7,057;14,425,170;2,030;2,050;2,020;664,322;664,322
2024-08-21;2,030;10;2,752;5,591,530;2,040;2,040;2,030;657,841;657,841
2024-08-20;2,040;0;2,282;4,637,720;2,040;2,050;2,030;661,081;661,081
2024-08-19;2,040;10;20,512;41,579,000;2,050;2,050;2,020;661,081;661,081
2024-08-16;2,050;0;2,861;5,846,410;2,050;2,050;2,040;664,322;664,322
2024-08-15;2,050;0;5,268;10,748,690;2,040;2,050;2,040;664,322;664,322
2024-08-14;2,050;0;2,416;4,935,940;2,050;2,050;2,040;664,322;664,322
2024-08-13;2,050;0;1,891;3,847,640;2,040;2,050;2,030;664,322;664,322
2024-08-12;2,050;0;1,724;3,517,550;2,050;2,050;2,040;664,322;664,322
2024-08-09;2,050;10;2,606;5,310,240;2,040;2,050;2,030;664,322;664,322
2024-08-08;2,040;0;11,000;22,347,890;2,030;2,050;2,030;661,081;661,081
2024-08-07;2,040;0;3,259;6,640,490;2,050;2,050;2,030;661,081;661,081
2024-08-06;2,040;10;9,941;20,230,610;2,050;2,050;2,030;661,081;661,081
2024-08-05;2,050;0;1,698;3,481,450;2,040;2,060;2,040;664,322;664,322
2024-08-02;2,050;0;6,765;13,810,930;2,050;2,050;2,040;664,322;664,322
2024-08-01;2,050;0;3,720;7,589,760;2,040;2,050;2,040;664,322;664,322
2024-07-31;2,050;10;21,675;44,211,040;2,040;2,050;2,030;664,322;664,322
2024-07-30;2,040;10;2,443;4,985,220;2,050;2,050;2,040;661,081;661,081
2024-07-29;2,050;10;2,318;4,737,070;2,060;2,060;2,030;664,322;664,322
2024-07-26;2,060;10;14,436;29,420,840;2,050;2,060;2,030;667,563;667,563
2024-07-25;2,050;0;3,995;8,183,980;2,050;2,060;2,040;664,322;664,322
2024-07-24;2,050;0;4,035;8,240,880;2,050;2,050;2,040;664,322;664,322
2024-07-23;2,050;0;2,087;4,275,800;2,050;2,050;2,040;664,322;664,322
2024-07-22;2,050;0;2,223;4,541,590;2,040;2,050;2,040;664,322;664,322
2024-07-19;2,050;0;5,167;10,566,220;2,050;2,050;2,040;664,322;664,322
2024-07-18;2,050;10;3,047;6,219,320;2,050;2,050;2,040;664,322;664,322
2024-07-17;2,040;0;4,872;9,948,720;2,050;2,050;2,040;661,081;661,081
2024-07-16;2,040;10;5,204;10,618,190;2,050;2,050;2,030;661,081;661,081
2024-07-15;2,030;10;8,862;18,041,960;2,050;2,050;2,030;657,841;657,841
2024-07-12;2,040;10;8,191;16,722,290;2,050;2,050;2,040;661,081;661,081
2024-07-11;2,050;10;4,002;8,173,800;2,040;2,050;2,040;664,322;664,322
2024-07-10;2,040;10;5,871;11,954,460;2,050;2,050;2,030;661,081;661,081
2024-07-09;2,050;0;1,743;3,560,490;2,040;2,050;2,040;664,322;664,322
2024-07-08;2,050;10;13,270;27,079,390;2,050;2,050;2,040;664,322;664,322
2024-07-05;2,040;0;20,606;41,839,130;2,030;2,040;2,020;661,081;661,081
2024-07-04;2,040;10;13,114;26,761,130;2,050;2,050;2,030;661,081;661,081
2024-07-03;2,050;0;20,411;41,749,970;2,050;2,050;2,030;664,322;664,322
2024-07-02;2,050;10;3,858;7,865,130;2,040;2,050;2,030;664,322;664,322
2024-07-01;2,040;0;7,652;15,572,210;2,040;2,050;2,020;661,081;661,081
2024-06-28;2,040;0;10,803;22,072,410;2,060;2,060;2,030;661,081;661,081
2024-06-27;2,040;0;14,689;29,927,280;2,040;2,040;2,030;661,081;661,081
2024-06-26;2,040;0;15,394;31,402,520;2,040;2,040;2,030;661,081;661,081
2024-06-25;2,040;0;9,738;19,799,570;2,030;2,040;2,030;661,081;661,081
2024-06-24;2,040;0;9,650;19,622,130;2,040;2,040;2,030;661,081;661,081
2024-06-21;2,040;0;6,835;13,880,470;2,040;2,040;2,030;661,081;661,081
2024-06-20;2,040;0;17,335;35,237,110;2,040;2,040;2,030;661,081;661,081
2024-06-19;2,040;10;32,279;65,542,380;2,040;2,040;2,020;661,081;661,081
2024-06-17;2,030;0;2,436;4,956,760;2,030;2,040;2,030;657,841;657,841
2024-06-14;2,030;10;14,184;28,835,880;2,030;2,040;2,030;657,841;657,841
2024-06-13;2,040;0;4,054;8,277,030;2,040;2,050;2,030;661,081;661,081
2024-06-12;2,040;10;4,077;8,315,840;2,050;2,050;2,030;661,081;661,081
2024-06-11;2,050;0;20,822;42,499,710;2,050;2,050;2,030;664,322;664,322
2024-06-10;2,050;0;6,244;12,737,320;2,040;2,050;2,030;664,322;664,322
2024-06-07;2,050;10;45,441;92,969,660;2,040;2,060;2,030;664,322;664,322
2024-06-06;2,040;10;3,323;6,781,720;2,050;2,050;2,030;661,081;661,081
2024-06-05;2,050;0;11,465;23,397,020;2,050;2,050;2,030;664,322;664,322
2024-06-04;2,050;0;18,104;36,945,930;2,050;2,050;2,030;664,322;664,322
2024-06-03;2,050;10;3,240;6,627,690;2,050;2,050;2,040;664,322;664,322
2024-05-31;2,040;0;14,610;29,832,760;2,040;2,050;2,040;661,081;661,081
2024-05-30;2,040;0;32,323;65,704,230;2,040;2,040;2,030;661,081;661,081
2024-05-29;2,040;0;68,163;138,544,930;2,030;2,040;2,030;661,081;661,081
2024-05-28;2,040;0;50,306;102,380,320;2,040;2,040;2,020;661,081;661,081
2024-05-27;2,040;10;37,997;77,601,670;2,050;2,050;2,040;661,081;661,081
2024-05-24;2,050;0;11,066;22,614,370;2,050;2,050;2,040;664,322;664,322
2024-05-23;2,050;0;17,134;34,967,960;2,050;2,050;2,030;664,322;664,322
2024-05-21;2,050;10;15,951;32,541,620;2,040;2,050;2,030;664,322;664,322
2024-05-20;2,040;10;26,605;54,387,350;2,050;2,050;2,040;661,081;661,081
2024-05-17;2,050;10;50,220;102,723,750;2,060;2,060;2,040;664,322;664,322
2024-05-16;2,060;10;9,197;18,908,270;2,050;2,070;2,040;667,563;667,563
2024-05-15;2,070;0;34,870;71,607,570;2,070;2,070;2,040;670,803;670,803
2024-05-13;2,070;140;53,728;111,014,610;2,070;2,080;2,050;670,803;670,803
2024-05-10;2,210;30;113,919;250,030,670;2,170;2,210;2,170;716,172;716,172
2024-05-09;2,180;10;78,663;171,968,160;2,190;2,200;2,180;706,450;706,450
2024-05-08;2,170;10;89,055;193,616,340;2,160;2,200;2,160;703,209;703,209
2024-05-07;2,160;30;63,468;137,442,360;2,190;2,190;2,160;699,969;699,969
2024-05-06;2,190;30;52,352;114,548,920;2,230;2,230;2,160;709,690;709,690
2024-05-03;2,220;10;133,081;295,164,220;2,230;2,230;2,210;719,412;719,412
2024-05-02;2,230;30;161,349;360,526,550;2,240;2,260;2,210;722,653;722,653
2024-04-30;2,200;110;204,276;440,612,000;2,130;2,200;2,110;712,931;712,931
2024-04-29;2,090;10;6,622;13,737,350;2,080;2,090;2,070;677,284;677,284
2024-04-26;2,080;10;35,179;72,301,930;2,090;2,100;2,040;674,044;674,044
2024-04-25;2,090;0;1,885;3,941,040;2,090;2,100;2,090;677,284;677,284
2024-04-24;2,090;0;6,067;12,623,690;2,080;2,090;2,080;677,284;677,284
2024-04-23;2,090;10;1,945;4,038,620;2,090;2,090;2,070;677,284;677,284
2024-04-22;2,080;0;6,456;13,355,780;2,080;2,080;2,060;674,044;674,044
2024-04-19;2,080;10;10,724;22,164,640;2,080;2,090;2,050;674,044;674,044
2024-04-18;2,090;0;6,338;13,200,040;2,090;2,090;2,080;677,284;677,284
2024-04-17;2,090;20;6,750;13,992,790;2,070;2,100;2,060;677,284;677,284
2024-04-12;2,070;0;3,796;7,856,720;2,070;2,070;2,060;670,803;670,803
2024-04-11;2,070;10;11,990;24,604,030;2,070;2,070;2,050;670,803;670,803
2024-04-10;2,060;10;5,678;11,691,640;2,070;2,070;2,050;667,563;667,563
2024-04-09;2,070;0;39,154;80,278,510;2,060;2,070;2,040;670,803;670,803
2024-04-08;2,070;10;10,298;21,168,120;2,060;2,070;2,050;670,803;670,803
2024-04-05;2,060;10;14,034;28,567,210;2,060;2,070;2,000;667,563;667,563
2024-04-04;2,070;0;7,671;15,774,840;2,070;2,070;2,050;670,803;670,803
2024-04-03;2,070;10;18,270;37,611,350;2,060;2,080;2,050;670,803;670,803
2024-04-02;2,060;10;6,706;13,867,300;2,070;2,080;2,060;667,563;667,563
2024-04-01;2,070;0;12,670;26,155,440;2,070;2,080;2,050;670,803;670,803
2024-03-29;2,070;10;4,116;8,491,490;2,080;2,080;2,060;670,803;670,803
2024-03-28;2,080;10;4,030;8,347,280;2,070;2,080;2,070;674,044;674,044
2024-03-27;2,070;10;5,821;12,055,690;2,080;2,080;2,060;670,803;670,803
2024-03-26;2,080;10;19,835;41,025,030;2,080;2,080;2,060;674,044;674,044
2024-03-25;2,090;0;42,502;88,109,570;2,080;2,090;2,060;677,284;677,284
2024-03-22;2,090;10;8,553;17,771,810;2,070;2,090;2,070;677,284;677,284
2024-03-21;2,080;0;10,018;20,825,420;2,080;2,090;2,070;674,044;674,044
2024-03-20;2,080;10;6,197;12,858,530;2,080;2,090;2,070;674,044;674,044
2024-03-19;2,090;0;4,637;9,661,990;2,080;2,090;2,080;677,284;677,284
2024-03-18;2,090;10;3,961;8,251,150;2,080;2,090;2,080;677,284;677,284
2024-03-15;2,080;0;3,527;7,330,620;2,080;2,080;2,070;674,044;674,044
2024-03-14;2,080;0;10,110;20,952,260;2,080;2,080;2,070;674,044;674,044
2024-03-13;2,080;10;6,982;14,527,770;2,090;2,090;2,070;674,044;674,044
2024-03-12;2,090;10;10,168;21,153,520;2,080;2,090;2,070;677,284;677,284
2024-03-11;2,080;10;3,046;6,338,770;2,090;2,090;2,080;674,044;674,044
2024-03-07;2,090;10;6,196;12,880,000;2,070;2,090;2,070;677,284;677,284
2024-03-06;2,080;0;10,199;21,155,080;2,090;2,090;2,070;674,044;674,044
2024-03-05;2,080;10;11,972;24,902,650;2,090;2,090;2,070;674,044;674,044
2024-03-04;2,090;10;9,511;19,823,790;2,100;2,100;2,080;677,284;677,284
2024-03-01;2,080;10;11,542;24,122,930;2,080;2,100;2,080;674,044;674,044
2024-02-29;2,090;10;5,972;12,480,800;2,100;2,100;2,080;677,284;677,284
2024-02-28;2,100;10;18,346;38,165,080;2,080;2,100;2,070;680,525;680,525
2024-02-27;2,090;10;15,553;32,377,680;2,100;2,100;2,070;677,284;677,284
2024-02-26;2,100;10;9,736;20,286,760;2,100;2,100;2,080;680,525;680,525
2024-02-23;2,110;0;2,036;4,289,350;2,110;2,110;2,100;683,766;683,766
2024-02-22;2,110;10;13,956;29,069,600;2,080;2,110;2,080;683,766;683,766
2024-02-21;2,120;30;14,810;30,990,690;2,090;2,120;2,080;687,006;687,006
2024-02-20;2,090;0;7,651;15,940,750;2,090;2,100;2,080;677,284;677,284
2024-02-19;2,090;20;2,957;6,210,790;2,110;2,110;2,090;677,284;677,284
2024-02-16;2,110;10;4,858;10,174,730;2,100;2,110;2,080;683,766;683,766
2024-02-15;2,100;0;14,543;30,279,180;2,100;2,100;2,080;680,525;680,525
2024-02-14;2,100;0;8,556;17,882,550;2,100;2,100;2,090;680,525;680,525
2024-02-13;2,100;0;3,390;7,122,100;2,110;2,120;2,090;680,525;680,525
2024-02-12;2,100;10;1,831;3,840,850;2,100;2,100;2,090;680,525;680,525
2024-02-09;2,110;20;5,499;11,534,110;2,090;2,110;2,080;683,766;683,766
2024-02-08;2,090;0;10,773;22,441,470;2,080;2,100;2,080;677,284;677,284
2024-02-07;2,090;0;15,368;31,271,990;2,090;2,100;2,080;677,284;677,284
2024-02-06;2,090;0;11,152;23,307,640;2,090;2,090;2,080;677,284;677,284
2024-02-05;2,090;10;5,904;12,301,490;2,090;2,100;2,080;677,284;677,284
2024-02-02;2,080;10;14,168;29,544,880;2,090;2,100;2,080;674,044;674,044
2024-02-01;2,090;0;4,885;10,219,530;2,090;2,100;2,090;677,284;677,284
2024-01-31;2,090;0;10,163;21,261,200;2,090;2,100;2,090;677,284;677,284
2024-01-30;2,090;10;6,402;13,387,900;2,100;2,100;2,090;677,284;677,284
2024-01-29;2,100;0;8,999;18,861,650;2,100;2,100;2,090;680,525;680,525
2024-01-26;2,100;0;16,893;35,315,550;2,090;2,100;2,090;680,525;680,525
2024-01-25;2,100;0;367;768,710;2,100;2,100;2,090;680,525;680,525
2024-01-24;2,100;0;6,116;12,785,210;2,100;2,100;2,090;680,525;680,525
2024-01-23;2,100;0;3,735;7,813,080;2,100;2,100;2,090;680,525;680,525
2024-01-22;2,100;0;7,921;16,596,750;2,100;2,100;2,080;680,525;680,525
2024-01-19;2,100;0;5,791;12,080,950;2,100;2,100;2,090;680,525;680,525
2024-01-18;2,100;0;4,689;9,818,830;2,100;2,100;2,090;680,525;680,525
2024-01-17;2,100;0;4,184;8,780,190;2,100;2,110;2,090;680,525;680,525
2024-01-16;2,100;0;11,649;24,365,030;2,100;2,100;2,080;680,525;680,525
2024-01-15;2,100;10;5,335;11,187,240;2,110;2,120;2,090;680,525;680,525
2024-01-12;2,110;0;4,295;9,016,460;2,100;2,110;2,090;683,766;683,766
2024-01-11;2,110;0;1,636;3,437,250;2,100;2,110;2,100;683,766;683,766
2024-01-10;2,110;10;5,796;12,167,480;2,090;2,110;2,090;683,766;683,766
2024-01-09;2,100;0;2,060;4,330,250;2,110;2,110;2,100;680,525;680,525
2024-01-08;2,100;0;1,810;3,809,310;2,100;2,110;2,100;680,525;680,525
2024-01-05;2,100;10;4,149;8,714,430;2,110;2,110;2,100;680,525;680,525
2024-01-04;2,110;10;11,059;23,231,080;2,120;2,120;2,090;683,766;683,766
2024-01-03;2,120;0;7,141;15,031,120;2,120;2,120;2,100;687,006;687,006
2024-01-02;2,120;10;7,687;16,197,890;2,120;2,120;2,100;687,006;687,006
2023-12-29;2,130;10;7,738;16,378,300;2,100;2,130;2,100;690,247;690,247
2023-12-28;2,120;0;4,470;9,445,140;2,120;2,120;2,100;687,006;687,006
2023-12-27;2,120;10;25,939;54,411,460;2,110;2,120;2,090;687,006;687,006
2023-12-26;2,110;10;2,844;6,009,750;2,120;2,120;2,110;683,766;683,766
2023-12-25;2,120;0;13,819;29,077,460;2,110;2,120;2,100;687,006;687,006
2023-12-22;2,120;0;37,322;77,970,170;2,090;2,120;2,080;687,006;687,006
2023-12-21;2,120;20;32,202;67,382,400;2,120;2,120;2,090;687,006;687,006
2023-12-20;2,100;0;47,383;99,417,130;2,100;2,120;2,090;680,525;680,525
2023-12-19;2,100;10;9,200;19,319,420;2,110;2,110;2,090;680,525;680,525
2023-12-18;2,110;10;22,845;47,912,050;2,100;2,110;2,090;683,766;683,766
2023-12-15;2,100;10;4,735;9,905,510;2,100;2,100;2,090;680,525;680,525
2023-12-14;2,090;10;18,583;38,845,820;2,090;2,100;2,080;677,284;677,284
2023-12-13;2,100;0;5,634;11,796,930;2,100;2,100;2,080;680,525;680,525
2023-12-12;2,100;0;9,928;20,744,290;2,100;2,100;2,080;680,525;680,525
2023-12-11;2,100;0;9,147;19,084,690;2,100;2,100;2,080;680,525;680,525
2023-12-08;2,100;0;2,775;5,807,780;2,090;2,100;2,080;680,525;680,525
2023-12-07;2,100;10;9,804;20,458,740;2,080;2,100;2,080;680,525;680,525
2023-12-06;2,090;0;10,018;20,880,010;2,080;2,090;2,080;677,284;677,284
2023-12-05;2,090;0;10,593;22,059,190;2,090;2,090;2,080;677,284;677,284
2023-12-04;2,090;0;7,193;14,998,120;2,090;2,090;2,080;677,284;677,284
2023-12-01;2,090;0;9,857;20,509,480;2,090;2,090;2,080;677,284;677,284
2023-11-30;2,090;0;4,551;9,477,710;2,080;2,090;2,080;677,284;677,284
2023-11-29;2,090;0;5,828;12,148,830;2,080;2,090;2,080;677,284;677,284
2023-11-24;2,090;0;2,040;4,261,220;2,090;2,100;2,080;677,284;677,284
2023-11-23;2,090;10;2,745;5,697,050;2,070;2,090;2,070;677,284;677,284
2023-11-22;2,100;0;1,493;3,101,600;2,070;2,100;2,070;680,525;680,525
2023-11-21;2,100;10;23,802;49,398,450;2,100;2,100;2,060;680,525;680,525
2023-11-20;2,090;10;23,118;48,000,710;2,090;2,090;2,060;677,284;677,284
2023-11-17;2,100;10;16,375;34,372,350;2,110;2,110;2,090;680,525;680,525
2023-11-16;2,110;10;17,260;36,257,510;2,100;2,110;2,090;683,766;683,766
2023-11-15;2,100;10;4,832;10,078,030;2,090;2,100;2,080;680,525;680,525
2023-11-14;2,090;20;8,578;17,937,630;2,110;2,110;2,090;677,284;677,284
2023-11-13;2,110;0;5,606;11,758,740;2,110;2,110;2,090;683,766;683,766
2023-11-10;2,110;0;11,371;23,812,160;2,110;2,110;2,090;683,766;683,766
2023-11-08;2,110;10;12,316;25,723,690;2,100;2,110;2,080;683,766;683,766
2023-11-07;2,100;10;7,966;16,716,280;2,100;2,110;2,090;680,525;680,525
2023-11-06;2,110;10;3,344;7,019,450;2,120;2,120;2,090;683,766;683,766
2023-11-03;2,120;0;3,644;7,672,220;2,110;2,120;2,090;687,006;687,006
2023-11-02;2,120;0;12,243;25,832,800;2,120;2,120;2,100;687,006;687,006
2023-11-01;2,120;10;28,838;60,867,170;2,110;2,120;2,100;687,006;687,006
2023-10-31;2,110;20;23,252;48,693,690;2,090;2,110;2,070;683,766;683,766
2023-10-30;2,090;0;6,750;14,001,850;2,060;2,090;2,060;677,284;677,284
2023-10-27;2,090;0;12,649;26,247,230;2,090;2,090;2,070;677,284;677,284
2023-10-26;2,090;0;8,934;18,571,720;2,080;2,090;2,070;677,284;677,284
2023-10-25;2,090;10;30,167;62,776,370;2,100;2,100;2,070;677,284;677,284
2023-10-24;2,100;0;13,696;28,474,920;2,100;2,100;2,070;680,525;680,525
2023-10-23;2,100;20;30,295;63,259,990;2,100;2,110;2,080;680,525;680,525
2023-10-20;2,120;10;18,835;39,718,580;2,110;2,120;2,090;687,006;687,006
2023-10-19;2,110;10;3,474;7,320,430;2,120;2,120;2,100;683,766;683,766
2023-10-18;2,120;0;4,359;9,179,540;2,100;2,120;2,100;687,006;687,006
2023-10-17;2,120;0;5,246;11,056,280;2,120;2,130;2,100;687,006;687,006
2023-10-16;2,120;10;1,260;2,653,530;2,130;2,130;2,100;687,006;687,006
2023-10-12;2,130;30;7,699;16,326,200;2,100;2,130;2,090;690,247;690,247
2023-10-11;2,100;20;4,078;8,553,560;2,080;2,100;2,080;680,525;680,525
2023-10-10;2,080;10;19,795;41,131,160;2,090;2,090;2,070;674,044;674,044
2023-10-09;2,090;30;5,112;10,712,410;2,120;2,120;2,090;677,284;677,284
2023-10-06;2,120;0;471;990,820;2,120;2,120;2,100;687,006;687,006
2023-10-05;2,120;20;1,108;2,348,720;2,130;2,130;2,110;687,006;687,006
2023-10-04;2,140;0;7,389;15,767,200;2,120;2,140;2,100;693,487;693,487
2023-10-03;2,140;50;20,611;43,422,610;2,090;2,140;2,070;693,487;693,487
2023-10-02;2,090;10;6,324;13,157,920;2,080;2,090;2,070;677,284;677,284
2023-09-29;2,080;10;11,269;23,457,620;2,090;2,090;2,080;674,044;674,044
2023-09-28;2,090;0;6,055;12,613,820;2,090;2,090;2,080;677,284;677,284
2023-09-27;2,090;0;11,494;23,944,180;2,090;2,090;2,080;677,284;677,284
2023-09-26;2,090;20;5,210;10,908,510;2,110;2,110;2,090;677,284;677,284
2023-09-25;2,110;0;5,486;11,505,000;2,110;2,110;2,090;683,766;683,766
2023-09-22;2,110;0;4,521;9,501,290;2,110;2,110;2,100;683,766;683,766
2023-09-21;2,110;0;6,120;12,855,580;2,100;2,110;2,100;683,766;683,766
2023-09-20;2,110;10;4,825;10,170,770;2,130;2,130;2,100;683,766;683,766
2023-09-19;2,120;10;1,507;3,191,830;2,130;2,130;2,110;687,006;687,006
2023-09-18;2,130;0;9,816;20,715,070;2,130;2,130;2,100;690,247;690,247
2023-09-15;2,130;0;8,215;17,370,310;2,110;2,130;2,100;690,247;690,247
2023-09-14;2,130;10;1,533;3,269,930;2,140;2,150;2,120;690,247;690,247
2023-09-13;2,140;0;2,998;6,407,480;2,140;2,150;2,130;693,487;693,487
2023-09-12;2,140;30;9,140;19,381,920;2,100;2,150;2,100;693,487;693,487
2023-09-11;2,110;0;3,070;6,485,320;2,110;2,130;2,100;683,766;683,766
2023-09-08;2,110;0;1,082;2,282,870;2,110;2,110;2,100;683,766;683,766
2023-09-07;2,110;0;7,480;15,668,970;2,110;2,110;2,090;683,766;683,766
2023-09-06;2,110;10;16,981;35,706,490;2,100;2,120;2,090;683,766;683,766
2023-09-05;2,100;30;5,877;12,396,520;2,130;2,130;2,100;680,525;680,525
2023-09-04;2,130;20;23,158;48,977,240;2,160;2,160;2,100;690,247;690,247
2023-09-01;2,150;10;24,757;52,562,270;2,160;2,160;2,120;696,728;696,728
2023-08-31;2,160;10;6,149;13,153,890;2,160;2,160;2,130;699,969;699,969
2023-08-30;2,170;0;4,313;9,316,680;2,160;2,170;2,140;703,209;703,209
2023-08-29;2,170;10;26,809;57,989,510;2,160;2,170;2,130;703,209;703,209
2023-08-28;2,160;20;37,475;79,927,580;2,130;2,170;2,120;699,969;699,969
2023-08-25;2,140;20;11,814;25,396,140;2,160;2,170;2,140;693,487;693,487
2023-08-24;2,160;10;9,225;19,941,810;2,180;2,180;2,160;699,969;699,969
2023-08-23;2,170;10;13,348;28,933,010;2,180;2,180;2,160;703,209;703,209
2023-08-22;2,180;10;15,410;33,387,630;2,190;2,190;2,160;706,450;706,450
2023-08-21;2,190;10;14,643;31,897,520;2,180;2,190;2,160;709,690;709,690
2023-08-18;2,180;20;26,508;57,753,600;2,200;2,200;2,170;706,450;706,450
2023-08-17;2,200;0;15,561;33,944,380;2,200;2,200;2,170;712,931;712,931
2023-08-16;2,200;10;21,547;47,188,290;2,190;2,210;2,180;712,931;712,931
2023-08-15;2,190;0;14,303;31,224,860;2,190;2,200;2,180;709,690;709,690
2023-08-14;2,190;0;38,494;83,928,790;2,190;2,200;2,170;709,690;709,690
2023-08-11;2,190;10;3,331;7,304,020;2,200;2,200;2,180;709,690;709,690
2023-08-10;2,200;20;19,685;43,113,660;2,180;2,210;2,170;712,931;712,931
2023-08-09;2,180;10;14,433;31,505,150;2,190;2,200;2,170;706,450;706,450
2023-08-08;2,190;20;58,379;127,780,930;2,210;2,230;2,170;709,690;709,690
2023-08-07;2,210;30;18,999;41,924,900;2,240;2,240;2,200;716,172;716,172
2023-08-04;2,240;0;32,862;73,461,970;2,240;2,240;2,220;725,893;725,893
2023-08-03;2,240;10;8,904;19,827,010;2,220;2,240;2,200;725,893;725,893
2023-08-02;2,250;20;53,752;119,330,320;2,230;2,250;2,170;729,134;729,134
2023-08-01;2,230;20;47,072;104,188,210;2,220;2,230;2,190;722,653;722,653
2023-07-31;2,210;10;8,329;18,446,980;2,230;2,230;2,210;716,172;716,172
2023-07-28;2,220;10;10,556;23,466,210;2,240;2,240;2,210;719,412;719,412
2023-07-27;2,210;20;13,688;30,550,970;2,230;2,260;2,210;716,172;716,172
2023-07-26;2,230;20;38,100;85,030,280;2,250;2,250;2,230;722,653;722,653
2023-07-25;2,250;20;16,672;37,632,200;2,280;2,280;2,240;729,134;729,134
2023-07-21;2,270;20;31,121;70,659,020;2,300;2,300;2,250;735,615;735,615
2023-07-20;2,250;10;62,022;138,244,920;2,250;2,270;2,180;729,134;729,134
2023-07-19;2,240;20;105,711;232,786,830;2,250;2,260;2,160;725,893;725,893
2023-07-18;2,260;30;49,998;113,182,880;2,300;2,300;2,250;732,375;732,375
2023-07-17;2,290;40;57,166;131,971,920;2,350;2,350;2,280;742,096;742,096
2023-07-14;2,330;10;37,081;86,439,760;2,350;2,350;2,310;755,059;755,059
2023-07-13;2,340;0;106,165;249,651,680;2,380;2,400;2,300;758,299;758,299
2023-07-12;2,340;20;803,361;1,984,439,110;2,550;2,550;2,100;758,299;758,299
2023-07-11;2,320;210;381,303;867,434,080;2,120;2,320;2,120;751,818;751,818
2023-07-10;2,110;10;113,064;237,072,890;2,110;2,110;2,080;683,766;683,766
2023-07-07;2,100;0;95,529;200,437,610;2,100;2,110;2,090;680,525;680,525
2023-07-06;2,100;20;100,494;211,593,120;2,120;2,120;2,100;680,525;680,525
2023-07-05;2,120;20;39,197;83,133,880;2,140;2,140;2,100;687,006;687,006
2023-07-04;2,100;10;54,533;114,881,470;2,110;2,130;2,100;680,525;680,525
2023-07-03;2,110;20;64,525;135,759,270;2,130;2,130;2,090;683,766;683,766
2023-06-30;2,130;0;75,267;159,687,130;2,120;2,140;2,100;690,247;690,247
2023-06-29;2,130;70;51,530;110,060,020;2,170;2,170;2,110;690,247;690,247
2023-06-28;2,200;0;457,959;998,688,040;2,200;2,220;2,080;712,931;712,931
