Date;Closing Price;Change;Trading Volume (shr);Trading Value (KHR);Opening;High;Low;Market Cap. (Mil.KHR);Full Market Cap. (Mil.KHR)
2025-09-19;2,660;20;210;546,600;2,600;2,660;2,600;199,354;199,354
2025-09-18;2,640;0;10;26,400;2,640;2,640;2,640;197,855;197,855
2025-09-17;2,640;0;112;294,610;2,640;2,650;2,520;197,855;197,855
2025-09-16;2,640;0;75;195,550;2,640;2,640;2,570;197,855;197,855
2025-09-15;2,640;0;372;983,310;2,640;2,700;2,640;197,855;197,855
2025-09-12;2,640;20;41;108,110;2,620;2,640;2,600;197,855;197,855
2025-09-11;2,620;40;1,080;3,024,460;2,830;2,830;2,620;196,356;196,356
2025-09-10;2,580;30;62;159,960;2,580;2,580;2,580;193,358;193,358
2025-09-09;2,550;10;680;1,749,320;2,540;2,590;2,540;191,110;191,110
2025-09-08;2,540;10;262;670,050;2,560;2,560;2,540;190,360;190,360
2025-09-05;2,530;40;73;186,120;2,570;2,580;2,530;189,611;189,611
2025-09-04;2,570;10;23;59,130;2,580;2,580;2,570;192,609;192,609
2025-09-03;2,580;20;398;992,170;2,600;2,600;2,400;193,358;193,358
2025-09-02;2,600;0;6;15,600;2,600;2,600;2,600;194,857;194,857
2025-09-01;2,600;0;7;18,200;2,600;2,600;2,600;194,857;194,857
2025-08-29;2,600;10;19;49,400;2,600;2,600;2,600;194,857;194,857
2025-08-28;2,610;30;112;289,290;2,580;2,610;2,580;195,606;195,606
2025-08-27;2,580;70;165;424,890;2,510;2,580;2,510;193,358;193,358
2025-08-26;2,510;140;3,157;7,873,720;2,650;2,650;2,400;188,112;188,112
2025-08-25;2,650;20;8;21,200;2,650;2,650;2,650;198,604;198,604
2025-08-22;2,670;70;325;835,810;2,500;2,750;2,500;200,103;200,103
2025-08-21;2,600;20;77;200,200;2,600;2,600;2,600;194,857;194,857
2025-08-20;2,620;50;352;914,170;2,650;2,650;2,590;196,356;196,356
2025-08-19;2,670;60;455;1,181,610;2,610;2,670;2,590;200,103;200,103
2025-08-18;2,610;90;1;2,610;2,610;2,610;2,610;195,606;195,606
2025-08-15;2,520;170;8;20,330;2,690;2,690;2,520;188,861;188,861
2025-08-14;2,690;10;4;10,760;2,690;2,690;2,690;201,602;201,602
2025-08-13;2,700;100;100;270,000;2,700;2,700;2,700;202,352;202,352
2025-08-12;2,600;0;256;667,500;2,600;2,670;2,600;194,857;194,857
2025-08-11;2,600;10;390;1,017,810;2,610;2,610;2,600;194,857;194,857
2025-08-08;2,610;50;11;29,240;2,670;2,670;2,600;195,606;195,606
2025-08-07;2,660;0;137;355,760;2,660;2,660;2,500;199,354;199,354
2025-08-06;2,660;20;43;114,400;2,680;2,680;2,660;199,354;199,354
2025-08-05;2,680;60;2;5,360;2,680;2,680;2,680;200,853;200,853
2025-08-04;2,620;50;1;2,620;2,620;2,620;2,620;196,356;196,356
2025-08-01;2,670;30;57;152,910;2,690;2,690;2,670;200,103;200,103
2025-07-31;2,700;0;240;648,000;2,700;2,700;2,700;202,352;202,352
2025-07-30;2,700;20;105;266,500;2,530;2,700;2,530;202,352;202,352
2025-07-29;2,680;30;100;268,000;2,680;2,680;2,680;200,853;200,853
2025-07-28;2,650;30;4;10,060;2,450;2,650;2,450;198,604;198,604
2025-07-25;2,620;90;2;5,320;2,700;2,700;2,620;196,356;196,356
2025-07-24;2,710;60;452;1,233,010;2,730;2,730;2,650;203,101;203,101
2025-07-23;2,650;30;83;218,410;2,640;2,650;2,620;198,604;198,604
2025-07-22;2,620;40;93;244,320;2,640;2,640;2,620;196,356;196,356
2025-07-21;2,660;20;286;743,780;2,570;2,680;2,570;199,354;199,354
2025-07-18;2,640;10;162;417,680;2,650;2,660;2,550;197,855;197,855
2025-07-17;2,650;30;120;308,470;2,520;2,650;2,520;198,604;198,604
2025-07-16;2,680;110;157;421,750;2,690;2,690;2,670;200,853;200,853
2025-07-15;2,570;10;26;67,070;2,660;2,660;2,560;192,609;192,609
2025-07-14;2,560;70;151;397,000;2,630;2,680;2,540;191,859;191,859
2025-07-11;2,630;10;395;1,005,900;2,500;2,630;2,500;197,105;197,105
2025-07-10;2,640;10;4;10,630;2,690;2,690;2,610;197,855;197,855
2025-07-09;2,650;20;108;285,500;2,650;2,650;2,510;198,604;198,604
2025-07-08;2,670;10;5;13,030;2,680;2,680;2,480;200,103;200,103
2025-07-07;2,680;0;21;56,290;2,690;2,690;2,680;200,853;200,853
2025-07-04;2,680;60;607;1,505,760;2,620;2,680;2,390;200,853;200,853
2025-07-03;2,620;60;51;136,320;2,680;2,680;2,620;196,356;196,356
2025-07-02;2,680;10;35;94,120;2,690;2,690;2,680;200,853;200,853
2025-07-01;2,690;60;425;1,136,440;2,630;2,730;2,630;201,602;201,602
2025-06-30;2,630;30;370;951,440;2,640;2,640;2,490;197,105;197,105
2025-06-27;2,660;30;135;359,380;2,700;2,700;2,630;199,354;199,354
2025-06-26;2,630;10;74;193,890;2,620;2,630;2,620;197,105;197,105
2025-06-25;2,620;50;293;773,640;2,650;2,650;2,620;196,356;196,356
2025-06-24;2,670;20;105;277,580;2,640;2,680;2,630;200,103;200,103
2025-06-23;2,650;50;654;1,679,030;2,690;2,690;2,550;198,604;198,604
2025-06-20;2,700;20;12;32,400;2,700;2,700;2,700;202,352;202,352
2025-06-19;2,720;10;27;73,410;2,710;2,730;2,710;203,850;203,850
2025-06-17;2,710;20;350;964,650;2,630;2,800;2,630;203,101;203,101
2025-06-16;2,690;20;543;1,440,770;2,710;2,710;2,630;201,602;201,602
2025-06-13;2,710;20;129;342,520;2,750;2,750;2,640;203,101;203,101
2025-06-12;2,690;60;203;534,190;2,740;2,740;2,630;201,602;201,602
2025-06-11;2,630;40;213;561,030;2,680;2,680;2,630;197,105;197,105
2025-06-10;2,670;0;121;323,080;2,700;2,700;2,660;200,103;200,103
2025-06-09;2,670;10;365;973,840;2,680;2,680;2,660;200,103;200,103
2025-06-06;2,680;40;3,447;8,792,600;2,730;2,990;2,450;200,853;200,853
2025-06-05;2,720;40;94;252,730;2,680;2,780;2,680;203,850;203,850
2025-06-04;2,680;30;8;21,460;2,710;2,710;2,670;200,853;200,853
2025-06-03;2,710;10;154;417,880;2,720;2,720;2,710;203,101;203,101
2025-06-02;2,720;10;31;84,570;2,730;2,730;2,720;203,850;203,850
2025-05-30;2,730;10;504;1,379,940;2,740;2,780;2,730;204,600;204,600
2025-05-29;2,740;0;71;191,230;2,980;2,980;2,640;205,349;205,349
2025-05-28;2,740;0;112;307,980;2,740;2,800;2,670;205,349;205,349
2025-05-27;2,740;70;158;423,900;2,680;2,790;2,680;205,349;205,349
2025-05-26;2,670;70;21;56,140;2,620;2,700;2,620;200,103;200,103
2025-05-23;2,740;40;1,507;4,139,160;2,700;2,800;2,690;205,349;205,349
2025-05-22;2,700;50;124;335,170;2,700;2,790;2,690;202,352;202,352
2025-05-21;2,750;40;48;132,280;2,790;2,790;2,750;206,099;206,099
2025-05-20;2,790;190;115;327,220;2,850;2,850;2,790;209,097;209,097
2025-05-19;2,600;190;82;225,690;2,790;2,790;2,600;194,857;194,857
2025-05-16;2,790;10;4;11,180;2,800;2,800;2,790;209,097;209,097
2025-05-13;2,800;10;366;1,023,600;2,810;2,810;2,650;209,846;209,846
2025-05-12;2,810;220;288;809,060;2,810;2,810;2,790;210,595;210,595
2025-05-09;2,590;130;13;33,850;2,780;2,780;2,580;194,108;194,108
2025-05-08;2,720;160;16;41,270;2,570;2,720;2,570;203,850;203,850
2025-05-07;2,560;140;29;78,160;2,700;2,700;2,560;191,859;191,859
2025-05-06;2,700;80;88;239,600;2,780;2,780;2,700;202,352;202,352
2025-05-05;2,780;230;229;636,470;2,440;2,790;2,440;208,347;208,347
2025-05-02;2,550;70;302;861,560;2,500;2,870;2,500;191,110;191,110
2025-04-30;2,620;80;435;1,141,230;2,700;2,910;2,620;196,356;196,356
2025-04-29;2,700;100;1,053;2,844,100;2,750;2,750;2,700;202,352;202,352
2025-04-28;2,800;200;3;8,500;2,800;2,800;2,800;209,846;209,846
2025-04-25;2,600;20;1,883;4,891,320;2,520;2,800;2,520;194,857;194,857
2025-04-24;2,580;10;503;1,297,710;2,580;2,580;2,570;193,358;193,358
2025-04-23;2,590;10;971;2,520,120;2,590;2,700;2,590;194,108;194,108
2025-04-22;2,600;30;500;1,282,620;2,520;2,600;2,520;194,857;194,857
2025-04-21;2,630;60;402;1,015,240;2,470;2,700;2,470;197,105;197,105
2025-04-18;2,570;60;3;7,670;2,530;2,570;2,530;192,609;192,609
2025-04-17;2,630;20;10;26,200;2,520;2,640;2,520;197,105;197,105
2025-04-11;2,650;80;56;136,190;2,790;2,790;2,400;198,604;198,604
2025-04-10;2,570;0;12;30,840;2,570;2,570;2,570;192,609;192,609
2025-04-09;2,570;10;565;1,452,060;2,570;2,580;2,570;192,609;192,609
2025-04-08;2,580;20;130;334,090;2,570;2,580;2,550;193,358;193,358
2025-04-07;2,560;40;1,497;3,830,620;2,550;2,580;2,520;191,859;191,859
2025-04-04;2600.0;50.0;2142.0;5374970.0;2460.0;2610.0;2460.0;194856;194856
2025-04-03;2,650;30;2,802;7,301,060;2,670;2,670;2,430;198,604;198,604
2025-04-02;2,680;60;88;234,990;2,650;2,680;2,510;200,853;200,853
2025-04-01;2,620;0;3,426;8,909,720;2,640;2,640;2,600;196,356;196,356
2025-03-31;2,620;20;43;112,090;2,780;2,780;2,540;196,356;196,356
2025-03-28;2,640;0;1,743;4,601,550;2,650;2,650;2,640;197,855;197,855
2025-03-27;2,640;0;210;553,290;2,650;2,660;2,600;197,855;197,855
2025-03-26;2,640;40;439;1,157,240;2,650;2,700;2,620;197,855;197,855
2025-03-25;2,600;20;1,106;2,880,550;2,580;2,670;2,530;194,857;194,857
2025-03-24;2,580;0;574;1,476,290;2,580;2,600;2,520;193,358;193,358
2025-03-21;2,580;0;41;105,060;2,580;2,580;2,510;193,358;193,358
2025-03-20;2,580;10;53;136,240;2,570;2,580;2,570;193,358;193,358
2025-03-19;2,570;10;84;216,250;2,610;2,630;2,560;192,609;192,609
2025-03-18;2,560;20;172;438,640;2,550;2,570;2,540;191,859;191,859
2025-03-17;2,540;10;258;656,470;2,530;2,550;2,530;190,360;190,360
2025-03-14;2,530;10;812;2,079,130;2,470;2,620;2,470;189,611;189,611
2025-03-13;2,520;70;153;387,200;2,580;2,580;2,500;188,861;188,861
2025-03-12;2,590;20;3,235;7,948,060;2,640;2,640;2,430;194,108;194,108
2025-03-11;2,610;0;29;74,970;2,590;2,620;2,460;195,606;195,606
2025-03-10;2,610;10;398;971,250;2,620;2,620;2,400;195,606;195,606
2025-03-07;2,620;20;263;689,930;2,670;2,690;2,520;196,356;196,356
2025-03-06;2,640;180;3,111;8,068,730;2,500;2,700;2,500;197,855;197,855
2025-03-05;2,460;30;207;518,150;2,490;2,490;2,450;184,365;184,365
2025-03-04;2,490;70;20;49,770;2,490;2,490;2,480;186,613;186,613
2025-03-03;2,420;10;120;293,260;2,430;2,510;2,410;181,367;181,367
2025-02-28;2,430;70;99;246,090;2,490;2,490;2,430;182,116;182,116
2025-02-27;2,500;10;2,841;7,102,510;2,500;2,510;2,500;187,363;187,363
2025-02-26;2,510;30;1,323;3,318,750;2,510;2,510;2,500;188,112;188,112
2025-02-25;2,480;0;26;64,500;2,500;2,500;2,480;185,864;185,864
2025-02-24;2,480;20;2,131;5,244,780;2,460;2,480;2,460;185,864;185,864
2025-02-21;2,460;30;70;171,120;2,470;2,470;2,440;184,365;184,365
2025-02-20;2,430;30;175;443,520;2,540;2,540;2,430;182,116;182,116
2025-02-19;2,460;0;118;290,560;2,500;2,500;2,460;184,365;184,365
2025-02-18;2,460;80;922;2,292,050;2,540;2,540;2,460;184,365;184,365
2025-02-17;2,540;90;2,863;7,417,260;2,690;2,690;2,480;190,360;190,360
2025-02-14;2,450;50;48;115,890;2,460;2,460;2,410;183,615;183,615
2025-02-13;2,400;0;18;43,250;2,400;2,470;2,340;179,868;179,868
2025-02-12;2,400;30;43;103,340;2,420;2,450;2,390;179,868;179,868
2025-02-11;2,430;10;45;108,650;2,420;2,430;2,400;182,116;182,116
2025-02-10;2420.0;0;31.0;75030.0;2430.0;2430.0;2410.0;181367;181367
2025-02-07;2,420;10;29;70,300;2,430;2,430;2,420;181,367;181,367
2025-02-06;2,430;10;49;118,890;2,440;2,440;2,420;182,116;182,116
2025-02-05;2,440;0;357;874,350;2,440;2,500;2,400;182,866;182,866
2025-02-04;2440.0;70.0;5.0;12060.0;2400.0;2470.0;2350.0;182866;182866
2025-02-03;2370.0;10.0;137.0;329260.0;2370.0;2550.0;2370.0;177619;177619
2025-01-31;2,360;10;39;91,660;2,350;2,360;2,350;176,870;176,870
2025-01-30;2,350;10;261;613,380;2,380;2,380;2,350;176,121;176,121
2025-01-29;2,340;40;65;153,940;2,380;2,380;2,340;175,371;175,371
2025-01-28;2380.0;0;129.0;302020.0;2330.0;2380.0;2330.0;178369;178369
2025-01-27;2,380;10;209;497,430;2,390;2,390;2,380;178,369;178,369
2025-01-24;2,390;10;22;52,390;2,380;2,400;2,380;179,119;179,119
2025-01-23;2380.0;0;52.0;123400.0;2370.0;2380.0;2360.0;178369;178369
2025-01-22;2380.0;30.0;223.0;526430.0;2350.0;2380.0;2350.0;178369;178369
2025-01-21;2350.0;20.0;1126.0;2633360.0;2320.0;2380.0;2300.0;176120;176120
2025-01-20;2330.0;0;473.0;1100860.0;2330.0;2330.0;2320.0;174622;174622
2025-01-17;2,330;10;486;1,135,040;2,350;2,350;2,310;174,622;174,622
2025-01-16;2,340;100;3,261;7,567,130;2,440;2,440;2,300;175,371;175,371
2025-01-15;2,440;120;722;1,710,840;2,350;2,440;2,290;182,866;182,866
2025-01-14;2320.0;0;128.0;297030.0;2350.0;2350.0;2320.0;173872;173872
2025-01-13;2320.0;30.0;1662.0;3858420.0;2350.0;2350.0;2320.0;173872;173872
2025-01-10;2,350;0;1,700;4,275,730;2,360;2,360;2,330;176,121;176,121
2025-01-09;2,350;10;534;1,255,720;2,360;2,360;2,330;176,121;176,121
2025-01-08;2360.0;40.0;710.0;1615790.0;2380.0;2380.0;2270.0;176870.19999999998;176870.19999999998
2025-01-06;2,400;20;762;1,774,830;2,420;2,420;2,270;179,868;179,868
2025-01-03;2,420;0;744;1,772,290;2,380;2,430;2,380;181,367;181,367
2025-01-02;2,420;30;1,034;2,565,960;2,410;2,500;2,380;181,367;181,367
2024-12-31;2,390;40;45;107,550;2,430;2,430;2,380;179,119;179,119
2024-12-30;2,430;30;71;173,110;2,320;2,490;2,320;182,116;182,116
2024-12-27;2,400;20;556;1,290,710;2,410;2,410;2,320;179,868;179,868
2024-12-26;2,420;40;586;1,373,520;2,320;2,420;2,320;181,367;181,367
2024-12-25;2,460;10;13;34,230;2,700;2,700;2,310;184,365;184,365
2024-12-24;2,470;40;1;2,470;2,470;2,470;2,470;185,114;185,114
2024-12-23;2,430;10;972;2,397,060;2,430;2,530;2,430;182,116;182,116
2024-12-20;2,440;0;0;0;-;2,440;2,440;182,866;182,866
2024-12-19;2,440;10;184;448,600;2,440;2,440;2,350;182,866;182,866
2024-12-18;2,450;20;40;98,200;2,460;2,460;2,450;183,615;183,615
2024-12-17;2,470;80;3;7,500;2,540;2,540;2,470;185,114;185,114
2024-12-16;2,390;30;1,112;2,800,470;2,360;2,510;2,360;179,119;179,119
2024-12-13;2,360;20;44;103,350;2,340;2,370;2,260;176,870;176,870
2024-12-12;2,340;20;518;1,210,320;2,360;2,360;2,280;175,371;175,371
2024-12-11;2,360;60;672;1,510,790;2,460;2,460;2,200;176,870;176,870
2024-12-10;2,420;0;0;0;-;2,420;2,420;181,367;181,367
2024-12-09;2,420;10;51;132,600;-;2,420;2,420;181,367;181,367
2024-12-06;2,430;10;169;416,620;2,420;2,430;2,420;182,116;182,116
2024-12-05;2,420;0;148;358,160;2,420;2,420;2,420;181,367;181,367
2024-12-04;2,420;0;371;895,430;2,420;2,430;2,370;181,367;181,367
2024-12-03;2,420;20;28;67,760;2,420;2,420;2,420;181,367;181,367
2024-12-02;2,400;10;179;428,960;2,410;2,420;2,380;179,868;179,868
2024-11-29;2,410;10;61;147,000;2,400;2,420;2,400;180,617;180,617
2024-11-28;2,400;10;32;76,900;2,400;2,400;2,400;179,868;179,868
2024-11-27;2,410;10;48;115,480;2,410;2,410;2,400;180,617;180,617
2024-11-26;2,400;10;103;247,230;2,410;2,410;2,400;179,868;179,868
2024-11-25;2,410;0;126;301,160;2,390;2,410;2,390;180,617;180,617
2024-11-22;2,410;40;356;855,400;2,360;2,420;2,360;180,617;180,617
2024-11-21;2,370;50;316;750,220;2,420;2,450;2,370;177,620;177,620
2024-11-20;2,420;0;55;132,560;2,410;2,420;2,410;181,367;181,367
2024-11-19;2,420;0;6;14,520;2,420;2,420;2,420;181,367;181,367
2024-11-18;2,420;50;217;527,150;2,430;2,430;2,420;181,367;181,367
2024-11-13;2,370;0;323;762,360;2,410;2,410;2,350;177,620;177,620
2024-11-12;2,370;0;132;312,840;2,370;2,370;2,370;177,620;177,620
2024-11-11;2,370;50;129;305,780;2,420;2,420;2,350;177,620;177,620
2024-11-08;2,420;0;1;2,420;2,420;2,420;2,420;181,367;181,367
2024-11-07;2,420;0;5;12,100;2,420;2,420;2,420;181,367;181,367
2024-11-06;2,420;0;64;155,040;2,370;2,430;2,370;181,367;181,367
2024-11-05;2,420;0;15;36,040;2,420;2,420;2,290;181,367;181,367
2024-11-04;2,420;40;276;659,870;2,380;2,420;2,380;181,367;181,367
2024-11-01;2,380;10;201;478,520;2,520;2,520;2,380;178,369;178,369
2024-10-31;2,370;40;37;87,570;2,250;2,370;2,250;177,620;177,620
2024-10-30;2,410;10;2;4,820;2,410;2,410;2,410;180,617;180,617
2024-10-28;2,420;10;309;721,820;2,400;2,420;2,400;181,367;181,367
2024-10-25;2,430;10;104;249,610;2,380;2,430;2,380;182,116;182,116
2024-10-24;2,420;10;68;164,350;2,430;2,430;2,390;181,367;181,367
2024-10-23;2,430;10;1,284;3,050,090;2,400;2,430;2,370;182,116;182,116
2024-10-22;2,440;0;77;187,880;2,440;2,440;2,440;182,866;182,866
2024-10-21;2,440;0;5;12,200;2,440;2,440;2,440;182,866;182,866
2024-10-18;2,440;0;1;2,440;2,440;2,440;2,440;182,866;182,866
2024-10-17;2,440;0;4;9,760;2,440;2,440;2,440;182,866;182,866
2024-10-16;2,440;40;13;31,310;2,470;2,470;2,400;182,866;182,866
2024-10-14;2,400;40;2,781;6,676,950;2,460;2,460;2,400;179,868;179,868
2024-10-11;2,440;10;118;285,770;2,430;2,460;2,400;182,866;182,866
2024-10-10;2,430;0;11;26,620;2,320;2,430;2,320;182,116;182,116
2024-10-09;2,430;30;715;1,743,310;2,460;2,460;2,410;182,116;182,116
2024-10-08;2,460;10;131;321,860;2,450;2,460;2,450;184,365;184,365
2024-10-07;2,450;0;1,782;4,318,580;2,450;2,470;2,420;183,615;183,615
2024-10-04;2,450;0;1;2,450;2,450;2,450;2,450;183,615;183,615
2024-09-30;2,450;0;155;378,750;2,440;2,450;2,440;183,615;183,615
2024-09-27;2,450;10;18;43,350;2,390;2,450;2,390;183,615;183,615
2024-09-26;2,460;10;111;271,870;2,390;2,460;2,390;184,365;184,365
2024-09-25;2,450;20;125;300,830;2,400;2,450;2,400;183,615;183,615
2024-09-23;2,430;30;1,361;3,291,800;2,460;2,460;2,410;182,116;182,116
2024-09-20;2,460;30;526;1,274,410;2,430;2,460;2,420;184,365;184,365
2024-09-19;2,430;10;4;9,840;2,470;2,470;2,430;182,116;182,116
2024-09-18;2,420;0;9;21,840;2,390;2,480;2,390;181,367;181,367
2024-09-17;2,420;50;3;7,360;2,470;2,470;2,420;181,367;181,367
2024-09-16;2,470;60;27;65,820;2,410;2,480;2,410;185,114;185,114
2024-09-13;2,410;80;608;1,478,110;2,520;2,520;2,400;180,617;180,617
2024-09-12;2,490;10;222;557,780;2,490;2,490;2,490;186,613;186,613
2024-09-11;2,480;10;2;4,970;2,490;2,490;2,480;185,864;185,864
2024-09-10;2,490;10;6;14,940;2,490;2,490;2,490;186,613;186,613
2024-09-09;2,500;0;467;1,167,500;2,500;2,500;2,500;187,362;187,362
2024-09-06;2,500;10;5;12,570;2,520;2,520;2,500;187,362;187,362
2024-09-05;2,490;10;67;166,930;2,540;2,540;2,490;186,613;186,613
2024-09-04;2,500;0;11,756;29,412,670;2,540;2,540;2,500;187,362;187,362
2024-09-03;2,500;60;1,583;3,927,210;2,460;2,590;2,440;187,362;187,362
2024-09-02;2,440;10;50;119,610;2,390;2,440;2,390;182,866;182,866
2024-08-30;2,450;0;543;1,305,160;2,400;2,460;2,400;183,615;183,615
2024-08-29;2,450;10;312;746,350;2,460;2,460;2,390;183,615;183,615
2024-08-28;2,440;0;250;609,460;2,410;2,440;2,410;182,866;182,866
2024-08-27;2,440;10;214;523,100;2,450;2,450;2,440;182,866;182,866
2024-08-26;2,450;0;3;7,350;2,450;2,450;2,450;183,615;183,615
2024-08-23;2,450;10;220;536,640;2,440;2,450;2,430;183,615;183,615
2024-08-22;2,440;40;1,887;4,528,250;2,400;2,440;2,380;182,866;182,866
2024-08-21;2,400;20;105;250,980;2,390;2,400;2,380;179,868;179,868
2024-08-20;2,420;20;170;408,040;2,390;2,430;2,390;181,367;181,367
2024-08-19;2,440;20;157;375,330;2,390;2,440;2,390;182,866;182,866
2024-08-16;2,420;10;198;475,200;2,380;2,420;2,380;181,367;181,367
2024-08-15;2,410;40;221;532,610;2,410;2,410;2,410;180,617;180,617
2024-08-14;2,450;10;1,124;2,738,130;2,440;2,460;2,410;183,615;183,615
2024-08-13;2,460;10;25;61,420;2,470;2,470;2,450;184,365;184,365
2024-08-12;2,470;10;125;309,930;2,510;2,510;2,420;185,114;185,114
2024-08-09;2,460;10;1,374;3,379,040;2,460;2,460;2,430;184,365;184,365
2024-08-08;2,470;30;1,280;3,141,050;2,440;2,470;2,410;185,114;185,114
2024-08-07;2,440;0;156;378,660;2,490;2,520;2,410;182,866;182,866
2024-08-06;2,440;30;458;1,104,230;2,470;2,470;2,410;182,866;182,866
2024-08-05;2,410;60;420;1,020,560;2,450;2,490;2,410;180,617;180,617
2024-08-02;2,470;30;1,124;2,733,520;2,490;2,490;2,400;185,114;185,114
2024-08-01;2,440;30;318;775,350;2,480;2,480;2,400;182,866;182,866
2024-07-31;2,470;20;113;279,160;2,480;2,480;2,400;185,114;185,114
2024-07-30;2,490;0;104;257,390;2,510;2,510;2,400;186,613;186,613
2024-07-29;2,490;50;92;228,590;2,500;2,500;2,440;186,613;186,613
2024-07-26;2,440;60;507;1,243,240;2,570;2,570;2,440;182,866;182,866
2024-07-25;2,500;20;1,112;2,760,000;2,510;2,550;2,430;187,362;187,362
2024-07-24;2,520;80;580;1,444,460;2,480;2,590;2,420;188,861;188,861
2024-07-23;2,440;10;134;332,550;2,430;2,560;2,430;182,866;182,866
2024-07-22;2,430;10;74;176,890;2,420;2,430;2,350;182,116;182,116
2024-07-19;2,420;30;2,010;4,883,700;2,400;2,530;2,390;181,367;181,367
2024-07-18;2,390;0;99;236,140;2,400;2,400;2,380;179,119;179,119
2024-07-17;2,390;10;561;1,336,410;2,380;2,400;2,380;179,119;179,119
2024-07-16;2,400;0;433;1,039,510;2,400;2,430;2,390;179,868;179,868
2024-07-15;2,400;0;227;545,200;2,400;2,400;2,400;179,868;179,868
2024-07-12;2,400;50;791;1,897,890;2,430;2,430;2,350;179,868;179,868
2024-07-11;2,450;0;820;1,970,500;2,400;2,450;2,250;183,615;183,615
2024-07-10;2,450;20;630;1,527,660;2,440;2,460;2,340;183,615;183,615
2024-07-09;2,430;10;828;2,009,640;2,420;2,460;2,410;182,116;182,116
2024-07-08;2,420;0;3,287;7,866,700;2,480;2,480;2,230;181,367;181,367
2024-07-05;2,420;170;2,800;6,536,640;2,250;2,430;2,250;181,367;181,367
2024-07-04;2,250;50;569;1,332,490;2,290;2,290;2,200;168,626;168,626
2024-07-03;2,200;0;1,127;2,481,740;2,220;2,300;2,200;164,879;164,879
2024-07-02;2,200;20;228;504,820;2,220;2,280;2,200;164,879;164,879
2024-07-01;2,220;0;480;1,055,300;2,270;2,300;2,150;166,378;166,378
2024-06-28;2,220;10;164;365,570;2,250;2,250;2,170;166,378;166,378
2024-06-27;2,210;60;248;545,580;2,280;2,280;2,160;165,628;165,628
2024-06-26;2,150;30;1,570;3,423,460;2,170;2,190;2,150;161,132;161,132
2024-06-25;2,180;20;291;631,390;2,160;2,190;2,160;163,380;163,380
2024-06-24;2,160;20;1;2,160;2,160;2,160;2,160;161,881;161,881
2024-06-21;2,140;0;389;831,580;2,140;2,160;2,130;160,382;160,382
2024-06-20;2,140;0;307;660,310;2,160;2,170;2,140;160,382;160,382
2024-06-19;2,140;20;2,730;5,788,040;2,120;2,160;2,120;160,382;160,382
2024-06-17;2,120;50;1,297;2,753,150;2,150;2,150;2,120;158,883;158,883
2024-06-14;2,170;20;1,417;3,007,120;2,190;2,190;2,120;162,631;162,631
2024-06-13;2,190;50;4,106;8,787,140;2,140;2,320;2,140;164,130;164,130
2024-06-12;2,140;50;1,329;2,857,460;2,190;2,190;2,140;160,382;160,382
2024-06-11;2,190;40;813;1,780,080;2,320;2,320;2,160;164,130;164,130
2024-06-10;2,230;40;40;89,470;2,250;2,250;2,230;167,127;167,127
2024-06-07;2,270;20;1,013;2,267,290;2,290;2,290;2,170;170,125;170,125
2024-06-06;2,290;60;276;635,450;2,320;2,320;2,290;171,624;171,624
2024-06-05;2,230;60;213;482,790;2,130;2,280;2,130;167,127;167,127
2024-06-04;2,290;10;876;1,935,980;2,200;2,290;2,200;171,624;171,624
2024-06-03;2,300;20;676;1,561,900;2,320;2,340;2,240;172,374;172,374
2024-05-31;2,320;30;375;875,200;2,340;2,340;2,320;173,872;173,872
2024-05-30;2,350;40;121;285,330;2,380;2,380;2,310;176,121;176,121
2024-05-29;2,310;90;4,198;9,664,000;2,390;2,390;2,210;173,123;173,123
2024-05-28;2,400;110;429;988,380;2,290;2,500;2,280;179,868;179,868
2024-05-27;2,290;60;162;368,760;2,290;2,290;2,250;171,624;171,624
2024-05-24;2,230;50;257;569,610;2,180;2,260;2,110;167,127;167,127
2024-05-23;2,180;0;30;65,120;2,200;2,200;2,140;163,380;163,380
2024-05-21;2,180;10;129;277,480;2,180;2,180;2,140;163,380;163,380
2024-05-20;2,170;80;1,491;3,220,090;2,250;2,460;2,080;162,631;162,631
2024-05-17;2,250;60;309;688,100;2,200;2,250;2,200;168,626;168,626
2024-05-16;2,190;20;1,187;2,578,290;2,170;2,190;2,170;164,130;164,130
2024-05-15;2,170;0;122;263,740;2,170;2,170;2,160;162,631;162,631
2024-05-13;2,170;0;200;432,620;2,160;2,170;2,070;162,631;162,631
2024-05-10;2,170;10;257;553,530;2,170;2,170;2,030;162,631;162,631
2024-05-09;2,180;10;121;263,090;2,170;2,190;2,170;163,380;163,380
2024-05-08;2,170;20;22;47,610;2,190;2,190;2,160;162,631;162,631
2024-05-07;2,190;10;11;23,900;2,110;2,200;2,110;164,130;164,130
2024-05-06;2,200;20;383;836,030;2,170;2,200;2,170;164,879;164,879
2024-05-03;2,180;30;1,497;3,217,220;2,140;2,180;2,140;163,380;163,380
2024-05-02;2,150;20;197;421,200;2,130;2,160;2,130;161,132;161,132
2024-04-30;2,130;130;4,166;8,848,670;2,250;2,250;2,090;159,633;159,633
2024-04-29;2,260;20;314;698,180;2,220;2,260;2,210;169,376;169,376
2024-04-26;2,240;160;1,144;2,536,490;2,230;2,270;2,200;167,877;167,877
2024-04-25;2,400;0;3;7,200;2,400;2,400;2,400;179,868;179,868
2024-04-24;2,400;40;385;923,580;2,430;2,430;2,300;179,868;179,868
2024-04-23;2,440;70;432;1,034,250;2,400;2,460;2,380;182,866;182,866
2024-04-22;2,510;150;5;12,300;2,560;2,560;2,360;188,112;188,112
2024-04-19;2,360;20;139;321,060;2,370;2,370;2,300;176,870;176,870
2024-04-18;2,380;80;48;112,750;2,300;2,380;2,300;178,369;178,369
2024-04-17;2,460;140;2;4,750;2,290;2,460;2,290;184,365;184,365
2024-04-12;2,320;0;0;0;-;2,320;2,320;173,872;173,872
2024-04-11;2,320;30;19;44,620;2,370;2,370;2,320;173,872;173,872
2024-04-10;2,350;10;426;1,012,840;2,190;2,450;2,190;176,121;176,121
2024-04-09;2,360;10;341;802,150;2,350;2,390;2,340;176,870;176,870
2024-04-08;2,350;0;163;380,840;2,250;2,350;2,250;176,121;176,121
2024-04-05;2,350;0;342;802,120;2,350;2,350;2,340;176,121;176,121
2024-04-04;2,350;60;40;95,360;2,470;2,470;2,350;176,121;176,121
2024-04-03;2,410;50;20;48,350;2,470;2,470;2,410;180,617;180,617
2024-04-02;2,360;60;10;23,600;2,360;2,360;2,360;176,870;176,870
2024-04-01;2,420;30;199;484,830;2,390;2,460;2,340;181,367;181,367
2024-03-29;2,390;60;1,382;3,321,290;2,420;2,450;2,390;179,119;179,119
2024-03-28;2,450;30;1,213;2,992,180;2,490;2,490;2,450;183,615;183,615
2024-03-27;2,480;10;407;981,800;2,410;2,480;2,410;185,864;185,864
2024-03-26;2,490;0;113;281,770;2,490;2,500;2,440;186,613;186,613
2024-03-25;2,490;70;686;1,706,700;2,550;2,560;2,400;186,613;186,613
2024-03-22;2,560;70;45;115,950;2,590;2,590;2,560;191,859;191,859
2024-03-21;2,630;120;7;18,290;2,600;2,630;2,600;197,105;197,105
2024-03-20;2,510;0;849;2,058,440;2,360;2,520;2,360;188,112;188,112
2024-03-19;2,510;100;559;1,419,270;2,440;2,600;2,440;188,112;188,112
2024-03-18;2,610;30;106;275,730;2,580;2,620;2,530;195,606;195,606
2024-03-15;2,580;80;1,021;2,715,780;2,660;2,660;2,580;193,358;193,358
2024-03-14;2,660;140;56;148,220;2,540;2,660;2,540;199,354;199,354
2024-03-13;2,520;110;385;993,910;2,660;2,660;2,520;188,861;188,861
2024-03-12;2,630;10;194;511,270;2,640;2,640;2,630;197,105;197,105
2024-03-11;2,640;60;13;34,550;2,690;2,690;2,630;197,855;197,855
2024-03-07;2,700;50;358;958,150;2,650;2,700;2,650;202,352;202,352
2024-03-06;2,650;70;182;483,240;2,660;2,710;2,650;198,604;198,604
2024-03-05;2,720;10;164;425,700;2,770;2,770;2,440;203,850;203,850
2024-03-04;2,710;40;186;508,130;2,880;2,880;2,710;203,101;203,101
2024-03-01;2,750;40;91;250,930;2,780;2,780;2,750;206,099;206,099
2024-02-29;2,790;10;94;260,290;2,760;2,800;2,760;209,097;209,097
2024-02-28;2,800;40;94;260,180;2,820;2,820;2,740;209,846;209,846
2024-02-27;2,840;50;377;1,042,920;2,840;2,840;2,600;212,844;212,844
2024-02-26;2,790;10;1,005;2,748,590;2,720;2,800;2,720;209,097;209,097
2024-02-23;2,800;40;122;344,560;2,840;2,940;2,780;209,846;209,846
2024-02-22;2,840;0;136;380,410;3,000;3,000;2,770;212,844;212,844
2024-02-21;2,840;10;7;20,560;2,970;2,970;2,840;212,844;212,844
2024-02-20;2,850;20;4;11,740;3,090;3,090;2,850;213,593;213,593
2024-02-19;2,830;30;105;290,880;2,860;2,860;2,750;212,094;212,094
2024-02-16;2,860;40;108;311,870;2,850;2,900;2,850;214,343;214,343
2024-02-15;2,820;10;37;104,130;2,820;2,820;2,810;211,345;211,345
2024-02-14;2,830;20;1,027;2,814,210;2,680;2,850;2,680;212,094;212,094
2024-02-13;2,850;10;33;91,770;2,960;2,960;2,650;213,593;213,593
2024-02-12;2,840;0;49;138,360;2,980;2,980;2,800;212,844;212,844
2024-02-09;2,840;40;19;55,580;2,960;2,960;2,840;212,844;212,844
2024-02-08;2,800;50;1,056;2,957,660;2,840;2,840;2,800;209,846;209,846
2024-02-07;2,850;0;193;544,200;2,850;2,990;2,790;213,593;213,593
2024-02-06;2,850;50;22;62,210;2,870;2,870;2,810;213,593;213,593
2024-02-05;2,900;40;1;2,900;2,900;2,900;2,900;217,340;217,340
2024-02-02;2,860;30;87;248,230;2,990;2,990;2,750;214,343;214,343
2024-02-01;2,830;30;32;89,930;2,860;2,860;2,770;212,094;212,094
2024-01-31;2,800;60;1,571;4,476,970;2,950;2,950;2,800;209,846;209,846
2024-01-30;2,860;10;891;2,557,590;3,050;3,050;2,700;214,343;214,343
2024-01-29;2,870;70;340;975,100;3,070;3,070;2,700;215,092;215,092
2024-01-26;2,800;50;1,620;4,502,620;2,820;2,820;2,620;209,846;209,846
2024-01-25;2,850;20;123;354,380;2,850;3,000;2,790;213,593;213,593
2024-01-24;2,870;30;11;31,580;2,870;2,880;2,870;215,092;215,092
2024-01-23;2,900;100;15;43,650;3,060;3,060;2,890;217,340;217,340
2024-01-22;2,800;0;150;419,640;2,800;2,800;2,720;209,846;209,846
2024-01-19;2,800;30;106;296,410;2,670;2,800;2,670;209,846;209,846
2024-01-18;2,830;30;459;1,236,820;2,630;2,850;2,630;212,094;212,094
2024-01-17;2,800;30;282;785,550;2,540;2,800;2,540;209,846;209,846
2024-01-16;2,770;30;1,049;2,885,170;2,790;2,790;2,740;207,598;207,598
2024-01-15;2,800;110;80;225,330;2,900;2,900;2,560;209,846;209,846
2024-01-12;2,690;20;55;147,060;2,710;2,710;2,610;201,602;201,602
2024-01-11;2,710;50;458;1,126,310;2,410;2,710;2,410;203,101;203,101
2024-01-10;2,660;20;58;153,790;2,650;2,660;2,650;199,354;199,354
2024-01-09;2,680;30;54;143,530;2,690;2,690;2,650;200,853;200,853
2024-01-08;2,650;90;91;237,140;2,570;2,660;2,560;198,604;198,604
2024-01-05;2,560;140;12;32,320;2,710;2,710;2,560;191,859;191,859
2024-01-04;2,700;60;54;145,990;2,640;2,710;2,640;202,352;202,352
2024-01-03;2,640;70;718;1,896,580;2,690;2,690;2,640;197,855;197,855
2024-01-02;2,710;30;253;690,530;2,760;2,760;2,710;203,101;203,101
2023-12-29;2,740;50;180;490,710;2,690;2,740;2,690;205,349;205,349
2023-12-28;2,690;70;46;120,730;2,620;2,690;2,620;201,602;201,602
2023-12-27;2,620;20;116;304,010;2,630;2,630;2,620;196,356;196,356
2023-12-26;2,600;60;52;136,680;2,470;2,660;2,470;194,857;194,857
2023-12-25;2,540;70;557;1,414,440;2,520;2,650;2,520;190,360;190,360
2023-12-22;2,610;50;112;296,790;2,790;2,790;2,520;195,606;195,606
2023-12-21;2,660;10;677;1,741,740;2,650;2,660;2,550;199,354;199,354
2023-12-20;2,650;20;940;2,317,250;2,650;2,660;2,430;198,604;198,604
2023-12-19;2,670;80;437;1,175,030;2,660;2,700;2,650;200,103;200,103
2023-12-18;2,590;10;59;155,360;2,670;2,670;2,550;194,108;194,108
2023-12-15;2,580;50;482;1,223,670;2,670;2,670;2,510;193,358;193,358
2023-12-14;2,530;0;95;249,710;2,500;2,670;2,500;189,611;189,611
2023-12-13;2,530;20;512;1,297,120;2,500;2,570;2,500;189,611;189,611
2023-12-12;2,510;40;93;236,840;2,540;2,550;2,510;188,112;188,112
2023-12-11;2,550;30;1,935;4,971,930;2,580;2,600;2,520;191,110;191,110
2023-12-08;2,580;20;85;219,250;2,600;2,600;2,570;193,358;193,358
2023-12-07;2,600;10;288;766,780;2,830;2,830;2,600;194,857;194,857
2023-12-06;2,590;20;162;415,920;2,840;2,840;2,550;194,108;194,108
2023-12-05;2,610;10;1,242;3,228,510;2,880;2,880;2,540;195,606;195,606
2023-12-04;2,620;110;394;1,028,120;2,640;2,650;2,420;196,356;196,356
2023-12-01;2,510;100;882;2,189,200;2,540;2,540;2,420;188,112;188,112
2023-11-30;2,410;170;120;304,300;2,520;2,600;2,410;180,617;180,617
2023-11-29;2,580;150;13;31,960;2,430;2,630;2,430;193,358;193,358
2023-11-24;2,430;40;438;1,061,950;2,430;2,490;2,400;182,116;182,116
2023-11-23;2,390;150;3;7,170;2,390;2,390;2,390;179,119;179,119
2023-11-22;2,240;0;185;415,180;2,270;2,380;2,240;167,877;167,877
2023-11-21;2,240;60;27;60,910;2,450;2,450;2,230;167,877;167,877
2023-11-20;2,300;20;178;412,980;2,300;2,370;2,300;172,374;172,374
2023-11-17;2,280;90;100;228,460;2,390;2,390;2,280;170,875;170,875
2023-11-16;2,370;60;161;372,260;2,450;2,450;2,300;177,620;177,620
2023-11-15;2,310;0;1,785;4,169,640;2,330;2,370;2,310;173,123;173,123
2023-11-14;2,310;10;8;18,460;2,300;2,330;2,300;173,123;173,123
2023-11-13;2,300;20;211;487,420;2,320;2,320;2,300;172,374;172,374
2023-11-10;2,320;10;73;169,360;2,320;2,320;2,320;173,872;173,872
2023-11-08;2,330;40;136;314,730;2,320;2,330;2,300;174,622;174,622
2023-11-07;2,290;20;206;463,620;2,250;2,290;2,250;171,624;171,624
2023-11-06;2,310;10;9;20,800;2,320;2,320;2,300;173,123;173,123
2023-11-03;2,320;120;878;1,973,450;2,270;2,360;2,220;173,872;173,872
2023-11-02;2,440;30;653;1,549,400;2,230;2,440;2,230;182,866;182,866
2023-11-01;2,410;110;454;1,041,080;2,300;2,430;2,290;180,617;180,617
2023-10-31;2,300;30;159;366,810;2,320;2,330;2,300;172,374;172,374
2023-10-30;2,330;0;26;60,580;2,330;2,330;2,330;174,622;174,622
2023-10-27;2,330;0;56;130,080;2,330;2,330;2,290;174,622;174,622
2023-10-26;2,330;70;15;35,120;2,380;2,380;2,330;174,622;174,622
2023-10-25;2,400;50;41;97,820;2,450;2,450;2,290;179,868;179,868
2023-10-24;2,450;110;123;287,400;2,350;2,450;2,300;183,615;183,615
2023-10-23;2,340;0;20;46,620;2,330;2,340;2,330;175,371;175,371
2023-10-20;2,340;30;1,235;2,854,830;2,310;2,350;2,250;175,371;175,371
2023-10-19;2,310;0;90;224,390;2,500;2,500;2,300;173,123;173,123
2023-10-18;2,310;0;67;154,110;2,300;2,310;2,300;173,123;173,123
2023-10-17;2,310;10;214;494,760;2,320;2,320;2,270;173,123;173,123
2023-10-16;2,320;10;116;269,120;2,320;2,320;2,320;173,872;173,872
2023-10-12;2,330;0;120;279,600;2,330;2,330;2,330;174,622;174,622
2023-10-11;2,330;50;152;342,170;2,280;2,330;2,250;174,622;174,622
2023-10-10;2,280;0;134;303,610;2,280;2,280;2,240;170,875;170,875
2023-10-09;2,280;10;191;435,230;2,290;2,290;2,260;170,875;170,875
2023-10-06;2,290;20;155;354,270;2,310;2,310;2,230;171,624;171,624
2023-10-05;2,310;20;1,284;2,886,550;2,340;2,350;2,230;173,123;173,123
2023-10-04;2,330;0;190;442,460;2,330;2,330;2,300;174,622;174,622
2023-10-03;2,330;0;98;228,070;2,330;2,350;2,320;174,622;174,622
2023-10-02;2,330;100;1,941;4,413,530;2,430;2,440;2,220;174,622;174,622
2023-09-29;2,430;0;31;74,290;2,430;2,430;2,390;182,116;182,116
2023-09-28;2,430;60;6;14,330;2,380;2,430;2,380;182,116;182,116
2023-09-27;2,370;30;61;149,270;2,450;2,450;2,370;177,620;177,620
2023-09-26;2,400;90;2,102;4,937,990;2,400;2,420;2,260;179,868;179,868
2023-09-25;2,490;0;259;627,240;2,490;2,490;2,400;186,613;186,613
2023-09-22;2,490;10;1;2,490;2,490;2,490;2,490;186,613;186,613
2023-09-21;2,500;0;130;309,030;2,350;2,520;2,350;187,362;187,362
2023-09-20;2,500;0;43;107,480;2,500;2,500;2,490;187,362;187,362
2023-09-19;2,500;10;39;97,500;2,530;2,540;2,490;187,362;187,362
2023-09-18;2,490;10;5;12,660;2,580;2,580;2,490;186,613;186,613
2023-09-15;2,500;40;265;661,350;2,500;2,500;2,490;187,362;187,362
2023-09-14;2,460;30;152;378,180;2,480;2,520;2,460;184,365;184,365
2023-09-13;2,490;100;125;310,160;2,390;2,510;2,390;186,613;186,613
2023-09-12;2,390;100;470;1,200,510;2,620;2,620;2,370;179,119;179,119
2023-09-11;2,490;10;68;169,140;2,490;2,490;2,400;186,613;186,613
2023-09-08;2,480;0;269;664,150;2,480;2,480;2,420;185,864;185,864
2023-09-07;2,480;50;429;1,066,290;2,480;2,500;2,440;185,864;185,864
2023-09-06;2,530;230;1,733;4,300,550;2,440;2,530;2,350;189,611;189,611
2023-09-05;2,300;160;730;1,715,430;2,480;2,480;2,300;172,374;172,374
2023-09-04;2,460;0;393;963,590;2,630;2,630;2,400;184,365;184,365
2023-09-01;2,460;110;1,734;4,335,550;2,570;2,570;2,460;184,365;184,365
2023-08-31;2,570;40;758;1,942,660;2,600;2,600;2,500;192,609;192,609
2023-08-30;2,610;20;207;540,810;2,630;2,650;2,600;195,606;195,606
2023-08-29;2,630;30;30;78,900;2,630;2,630;2,630;197,105;197,105
2023-08-28;2,660;20;1,131;2,999,440;2,650;2,660;2,640;199,354;199,354
2023-08-25;2,680;0;159;425,280;2,680;2,680;2,660;200,853;200,853
2023-08-24;2,680;30;290;777,800;2,700;2,700;2,680;200,853;200,853
2023-08-23;2,650;80;2,907;7,807,670;2,710;2,720;2,650;198,604;198,604
2023-08-22;2,730;100;3,368;9,181,120;2,800;2,800;2,690;204,600;204,600
2023-08-21;2,830;10;302;833,200;2,780;2,830;2,750;212,094;212,094
2023-08-18;2,840;30;52;147,680;2,840;2,840;2,840;212,844;212,844
2023-08-17;2,810;0;64;179,840;2,810;2,810;2,810;210,595;210,595
2023-08-16;2,810;20;51;144,210;2,830;2,830;2,810;210,595;210,595
2023-08-15;2,830;40;6,307;17,581,720;2,800;2,870;2,780;212,094;212,094
2023-08-14;2,870;10;146;415,000;2,770;2,870;2,770;215,092;215,092
2023-08-11;2,880;30;177;504,480;2,850;2,880;2,850;215,842;215,842
2023-08-10;2,850;10;20;57,000;2,850;2,850;2,850;213,593;213,593
2023-08-09;2,860;0;0;0;-;2,860;2,860;214,343;214,343
2023-08-08;2,860;10;189;539,030;2,860;2,860;2,850;214,343;214,343
2023-08-07;2,870;20;146;413,360;2,890;2,890;2,780;215,092;215,092
2023-08-04;2,890;0;106;305,340;2,880;2,890;2,880;216,591;216,591
2023-08-03;2,890;10;148;424,800;2,900;2,900;2,860;216,591;216,591
2023-08-02;2,900;20;231;672,520;2,920;2,920;2,900;217,340;217,340
2023-08-01;2,920;20;3,038;8,310,130;3,080;3,080;2,650;218,839;218,839
2023-07-31;2,940;10;554;1,607,730;2,950;2,950;2,900;220,338;220,338
2023-07-28;2,950;20;353;1,042,380;2,950;2,980;2,950;221,088;221,088
2023-07-27;2,930;20;64;186,670;2,940;2,940;2,910;219,589;219,589
2023-07-26;2,950;10;210;611,980;2,960;2,960;2,880;221,088;221,088
2023-07-25;2,960;20;338;988,930;2,980;2,980;2,910;221,837;221,837
2023-07-21;2,980;70;89;260,490;2,990;2,990;2,890;223,336;223,336
2023-07-20;2,910;40;195;571,700;2,960;2,960;2,910;218,090;218,090
2023-07-19;2,950;20;202;588,200;2,960;2,990;2,850;221,088;221,088
2023-07-18;2,970;0;418;1,230,290;2,910;2,980;2,910;222,587;222,587
2023-07-17;2,970;30;134;397,600;2,950;3,000;2,940;222,587;222,587
2023-07-14;2,940;30;585;1,703,880;2,970;3,050;2,860;220,338;220,338
2023-07-13;2,970;10;112;332,660;2,980;2,980;2,970;222,587;222,587
2023-07-12;2,980;100;8,506;27,806,900;3,380;3,380;2,810;223,336;223,336
2023-07-11;3,080;280;3,094;9,129,370;2,800;3,080;2,720;230,831;230,831
2023-07-10;2,800;0;247;688,740;2,800;2,800;2,780;209,846;209,846
2023-07-07;2,800;80;958;2,694,700;2,870;2,870;2,800;209,846;209,846
2023-07-06;2,880;20;297;852,880;2,890;2,890;2,840;215,842;215,842
2023-07-05;2,900;20;1,037;2,946,930;2,910;2,920;2,830;217,340;217,340
2023-07-04;2,920;0;73;213,880;2,930;2,930;2,920;218,839;218,839
2023-07-03;2,920;20;37;103,310;2,780;2,920;2,780;218,839;218,839
2023-06-30;2,900;40;435;1,235,940;2,820;2,970;2,820;217,340;217,340
2023-06-29;2,940;0;2;5,880;2,940;2,940;2,940;220,338;220,338
2023-06-28;2,940;40;210;590,720;2,810;2,950;2,810;220,338;220,338
2023-06-27;2,900;0;444;1,264,830;2,900;2,900;2,830;217,340;217,340
2023-06-26;2,900;50;618;1,795,190;2,950;2,950;2,900;217,340;217,340
2023-06-23;2,950;30;457;1,335,870;2,970;2,970;2,870;221,088;221,088
2023-06-22;2,980;0;10;29,640;2,960;2,980;2,960;223,336;223,336
2023-06-21;2,980;10;100;297,950;2,980;2,980;2,970;223,336;223,336
2023-06-20;2,990;10;123;367,290;2,990;2,990;2,950;224,086;224,086
2023-06-19;3,000;0;126;376,580;2,980;3,000;2,810;224,835;224,835
2023-06-16;3,000;0;173;519,000;3,000;3,000;3,000;224,835;224,835
2023-06-15;3,000;0;34;101,880;3,000;3,000;2,990;224,835;224,835
2023-06-14;3,000;30;28;84,520;3,030;3,030;3,000;224,835;224,835
2023-06-13;3,030;0;25;75,750;3,030;3,030;3,030;227,083;227,083
2023-06-12;3,030;0;54;163,620;3,030;3,030;3,030;227,083;227,083
2023-06-09;3,030;10;40;120,810;3,020;3,030;3,020;227,083;227,083
2023-06-08;3,020;10;285;852,110;3,030;3,030;2,980;226,334;226,334
2023-06-07;3,030;0;10;30,300;3,030;3,030;3,030;227,083;227,083
2023-06-06;3,030;10;562;1,684,820;3,040;3,040;2,970;227,083;227,083
2023-06-05;3,040;10;209;635,320;3,040;3,040;3,000;227,833;227,833
2023-06-02;3,050;10;81;246,270;3,040;3,050;3,040;228,582;228,582
2023-06-01;3,040;10;120;363,380;3,010;3,040;3,010;227,833;227,833
2023-05-31;3,050;0;45;136,750;3,000;3,050;3,000;228,582;228,582
2023-05-30;3,050;10;154;466,100;3,040;3,050;3,000;228,582;228,582
2023-05-29;3,040;0;217;658,390;3,010;3,050;3,010;227,833;227,833
2023-05-26;3,040;0;44;132,440;3,040;3,040;3,000;227,833;227,833
2023-05-25;3,040;10;1,432;4,322,290;3,020;3,050;3,010;227,833;227,833
2023-05-24;3,050;10;499;1,499,080;3,060;3,060;3,000;228,582;228,582
2023-05-23;3,060;0;128;391,180;3,060;3,060;3,010;229,332;229,332
2023-05-22;3,060;0;279;845,100;3,060;3,060;3,000;229,332;229,332
2023-05-19;3,060;0;61;184,280;3,010;3,060;3,010;229,332;229,332
2023-05-18;3,060;0;381;1,152,690;3,060;3,060;3,020;229,332;229,332
2023-05-17;3,060;10;445;1,359,960;3,050;3,070;3,050;229,332;229,332
2023-05-16;3,050;10;225;675,520;3,060;3,060;3,000;228,582;228,582
2023-05-15;3,060;10;451;1,366,100;3,060;3,060;3,010;229,332;229,332
2023-05-12;3,070;10;34;102,480;3,020;3,070;3,010;230,081;230,081
2023-05-11;3,080;0;41;126,280;3,080;3,080;3,080;230,831;230,831
2023-05-10;3,080;20;14;43,120;3,080;3,080;3,080;230,831;230,831
2023-05-09;3,060;10;10;30,440;3,090;3,090;3,000;229,332;229,332
2023-05-05;3,070;0;1,454;4,406,720;3,030;3,070;3,030;230,081;230,081
2023-05-03;3,070;10;124;375,810;3,080;3,080;3,030;230,081;230,081
2023-05-02;3,080;0;84;258,720;3,080;3,080;3,080;230,831;230,831
2023-04-28;3,080;10;318;972,270;3,080;3,080;3,050;230,831;230,831
2023-04-27;3,070;0;7;21,460;3,080;3,080;3,050;230,081;230,081
2023-04-26;3,070;10;4;12,300;3,080;3,080;3,070;230,081;230,081
2023-04-25;3,080;10;220;670,500;3,090;3,090;3,040;230,831;230,831
2023-04-24;3,090;10;99;303,150;3,060;3,090;3,060;231,580;231,580
2023-04-21;3,100;10;1,320;4,038,340;3,090;3,100;3,050;232,330;232,330
2023-04-20;3,090;0;1,034;3,195,090;3,090;3,100;3,090;231,580;231,580
2023-04-19;3,090;10;102;314,180;3,080;3,090;3,080;231,580;231,580
2023-04-18;3,080;30;371;1,138,430;3,050;3,080;3,050;230,831;230,831
2023-04-17;3,050;0;345;1,053,290;3,060;3,060;3,040;228,582;228,582
2023-04-13;3,050;10;388;1,184,070;3,060;3,060;3,040;228,582;228,582
2023-04-12;3,060;10;352;1,076,820;3,060;3,060;3,050;229,332;229,332
2023-04-11;3,070;0;163;498,970;3,050;3,070;3,050;230,081;230,081
2023-04-10;3,070;10;158;483,760;3,060;3,070;3,050;230,081;230,081
2023-04-07;3,060;20;105;321,990;3,080;3,080;3,060;229,332;229,332
2023-04-06;3,080;0;453;1,384,370;3,040;3,090;3,040;230,831;230,831
2023-04-05;3,080;0;64;195,980;3,100;3,100;3,060;230,831;230,831
2023-04-04;3,080;20;115;353,200;3,080;3,080;3,070;230,831;230,831
2023-04-03;3,060;20;250;765,690;3,070;3,070;3,060;229,332;229,332
2023-03-31;3,080;10;353;1,080,680;3,070;3,080;3,050;230,831;230,831
2023-03-30;3,070;0;528;1,616,010;3,060;3,070;3,060;230,081;230,081
2023-03-29;3,070;20;1,127;3,403,630;3,090;3,100;3,000;230,081;230,081
2023-03-28;3,090;0;361;1,101,490;3,050;3,090;3,050;231,580;231,580
2023-03-27;3,090;10;267;820,730;3,100;3,100;3,030;231,580;231,580
2023-03-24;3,100;0;62;192,200;3,100;3,100;3,100;232,330;232,330
2023-03-23;3,100;10;30;92,150;3,040;3,110;3,040;232,330;232,330
2023-03-22;3,090;0;9;27,810;3,090;3,090;3,090;231,580;231,580
2023-03-21;3,090;10;1,313;4,012,440;3,100;3,100;3,040;231,580;231,580
2023-03-20;3,100;0;172;535,950;3,120;3,120;3,040;232,330;232,330
2023-03-17;3,100;0;202;621,220;3,120;3,120;3,070;232,330;232,330
2023-03-16;3,100;20;510;1,568,090;3,080;3,100;3,070;232,330;232,330
2023-03-15;3,080;50;4,252;12,940,030;3,040;3,090;2,990;230,831;230,831
2023-03-14;3,130;10;755;2,314,300;3,140;3,140;3,000;234,578;234,578
2023-03-13;3,140;0;153;478,590;3,140;3,140;3,110;235,327;235,327
2023-03-10;3,140;0;10;31,160;3,100;3,140;3,100;235,327;235,327
2023-03-09;3,140;10;253;792,920;3,130;3,140;3,130;235,327;235,327
2023-03-07;3,130;0;18;56,170;3,120;3,130;3,120;234,578;234,578
2023-03-06;3,130;0;1,461;4,522,300;3,150;3,150;3,090;234,578;234,578
2023-03-03;3,130;0;98;306,840;3,140;3,140;3,130;234,578;234,578
2023-03-02;3,130;20;183;573,140;3,150;3,150;3,130;234,578;234,578
2023-03-01;3,150;10;184;579,320;3,140;3,150;3,140;236,077;236,077
2023-02-28;3,140;0;22;69,050;3,140;3,140;3,130;235,327;235,327
2023-02-27;3,140;10;1,616;5,043,690;3,130;3,140;3,100;235,327;235,327
2023-02-24;3,130;10;774;2,419,460;3,140;3,150;3,120;234,578;234,578
2023-02-23;3,140;0;329;1,032,190;3,150;3,150;3,130;235,327;235,327
2023-02-22;3,140;0;205;641,460;3,110;3,150;3,110;235,327;235,327
2023-02-21;3,140;10;182;571,600;3,160;3,160;3,140;235,327;235,327
2023-02-20;3,150;10;420;1,320,080;3,170;3,170;3,140;236,077;236,077
2023-02-17;3,160;10;10,107;31,936,470;3,170;3,170;3,140;236,826;236,826
2023-02-16;3,170;20;1,873;5,905,520;3,150;3,170;3,140;237,576;237,576
2023-02-15;3,150;10;1,995;6,194,240;3,160;3,160;3,070;236,077;236,077
2023-02-14;3,160;0;19;59,970;3,160;3,160;3,150;236,826;236,826
2023-02-13;3,160;0;130;410,700;3,160;3,160;3,150;236,826;236,826
2023-02-10;3,160;0;79;249,640;3,160;3,160;3,160;236,826;236,826
2023-02-09;3,160;0;28;88,530;3,170;3,170;3,160;236,826;236,826
2023-02-08;3,160;10;285;900,600;3,160;3,160;3,160;236,826;236,826
2023-02-07;3,170;0;1,473;4,669,400;3,170;3,170;3,160;237,576;237,576
2023-02-06;3,170;10;352;1,112,340;3,160;3,170;3,160;237,576;237,576
2023-02-03;3,160;10;248;783,670;3,160;3,160;3,150;236,826;236,826
2023-02-02;3,150;50;5,522;17,308,820;3,130;3,170;3,120;236,077;236,077
2023-02-01;3,200;20;1,872;5,971,830;3,180;3,210;3,180;239,824;239,824
2023-01-31;3,180;0;28;88,820;3,180;3,180;3,150;238,325;238,325
2023-01-30;3,180;10;1,319;4,146,290;3,190;3,190;3,120;238,325;238,325
2023-01-27;3,190;30;134;423,580;3,160;3,190;3,150;239,075;239,075
2023-01-26;3,160;10;314;991,410;3,160;3,160;3,150;236,826;236,826
2023-01-25;3,170;0;437;1,384,630;3,190;3,190;3,140;237,576;237,576
2023-01-24;3,170;10;892;2,809,820;3,150;3,170;3,130;237,576;237,576
2023-01-23;3,180;20;164;523,140;3,200;3,200;3,180;238,325;238,325
2023-01-20;3,200;40;1,256;4,012,020;3,200;3,210;3,170;239,824;239,824
2023-01-19;3,160;10;623;1,968,530;3,170;3,170;3,150;236,826;236,826
2023-01-18;3,150;0;70;219,380;3,150;3,150;3,130;236,077;236,077
2023-01-17;3,150;0;458;1,439,600;3,150;3,150;3,130;236,077;236,077
2023-01-16;3,150;10;575;1,811,260;3,160;3,160;3,150;236,077;236,077
2023-01-13;3,140;0;51;160,140;3,140;3,140;3,140;235,327;235,327
2023-01-12;3,140;0;208;653,010;3,130;3,140;3,130;235,327;235,327
2023-01-11;3,140;10;112;351,420;3,140;3,140;3,130;235,327;235,327
2023-01-10;3,150;10;66;207,810;3,150;3,150;3,140;236,077;236,077
2023-01-09;3,160;10;157;494,610;3,160;3,170;3,100;236,826;236,826
2023-01-06;3,150;0;24;75,200;3,150;3,150;3,130;236,077;236,077
2023-01-05;3,150;0;1,502;4,731,350;3,150;3,200;3,150;236,077;236,077
2023-01-04;3,150;10;159;500,280;3,090;3,150;3,090;236,077;236,077
2023-01-03;3,140;10;188;590,320;3,140;3,140;3,140;235,327;235,327
2023-01-02;3,150;0;49;154,800;3,180;3,180;3,150;236,077;236,077
2022-12-30;3,150;10;295;926,420;3,190;3,190;3,140;236,077;236,077
2022-12-29;3,140;10;21;65,920;3,140;3,140;3,120;235,327;235,327
2022-12-28;3,150;10;46;144,910;3,160;3,160;3,150;236,077;236,077
2022-12-27;3,160;30;355;1,124,500;3,170;3,170;3,160;236,826;236,826
2022-12-26;3,190;20;221;708,520;3,390;3,390;3,120;239,075;239,075
2022-12-23;3,170;10;6;19,020;3,170;3,170;3,170;237,576;237,576
2022-12-22;3,180;40;2,346;7,875,840;3,130;3,400;3,130;238,325;238,325
2022-12-21;3,140;10;23;72,220;3,140;3,140;3,140;235,327;235,327
2022-12-20;3,130;0;354;1,097,830;3,100;3,140;3,100;234,578;234,578
2022-12-19;3,130;10;40;125,390;3,140;3,140;3,130;234,578;234,578
2022-12-16;3,140;0;757;2,348,280;3,090;3,140;3,090;235,327;235,327
2022-12-15;3,140;0;81;253,540;3,130;3,140;3,130;235,327;235,327
2022-12-14;3,140;0;293;899,890;3,070;3,140;3,070;235,327;235,327
2022-12-13;3,140;0;150;469,920;3,140;3,140;3,100;235,327;235,327
2022-12-12;3,140;0;1,544;4,848,290;3,140;3,150;3,140;235,327;235,327
2022-12-09;3,140;0;12;37,280;3,100;3,140;3,100;235,327;235,327
2022-12-08;3,140;0;9;28,260;3,140;3,140;3,140;235,327;235,327
2022-12-07;3,140;0;265;832,100;3,140;3,140;3,140;235,327;235,327
2022-12-06;3,140;0;565;1,774,080;3,140;3,140;3,120;235,327;235,327
2022-12-05;3,140;0;0;0;-;3,140;3,140;235,327;235,327
2022-12-02;3,140;0;157;486,900;3,140;3,140;3,100;235,327;235,327
2022-12-01;3,140;0;33;102,620;3,100;3,140;3,100;235,327;235,327
2022-11-30;3,140;0;3;9,420;3,140;3,140;3,140;235,327;235,327
2022-11-29;3,140;0;115;355,100;3,080;3,140;3,080;235,327;235,327
2022-11-28;3,140;10;92;288,470;3,140;3,140;3,130;235,327;235,327
2022-11-25;3,150;10;13;40,830;3,140;3,150;3,140;236,077;236,077
2022-11-24;3,140;50;2;6,280;3,140;3,140;3,140;235,327;235,327
2022-11-23;3,090;50;193;600,220;3,120;3,150;3,090;231,580;231,580
2022-11-22;3,140;10;330;1,036,230;3,150;3,150;3,140;235,327;235,327
2022-11-21;3,150;10;12;37,770;3,140;3,150;3,140;236,077;236,077
2022-11-18;3,140;0;255;800,710;3,140;3,150;3,140;235,327;235,327
2022-11-17;3,140;0;48;148,090;3,080;3,140;3,080;235,327;235,327
2022-11-16;3,140;20;929;2,907,720;3,130;3,140;3,120;235,327;235,327
2022-11-15;3,120;10;10;31,310;3,140;3,140;3,120;233,828;233,828
2022-11-14;3,130;20;192;592,090;3,140;3,140;3,070;234,578;234,578
2022-11-11;3,110;20;52;161,770;3,110;3,140;3,110;233,079;233,079
2022-11-10;3,130;10;162;505,320;3,110;3,140;3,110;234,578;234,578
2022-11-04;3,140;10;15;46,840;3,130;3,140;3,100;235,327;235,327
2022-11-03;3,130;20;671;2,089,000;3,110;3,130;3,100;234,578;234,578
2022-11-02;3,110;10;143;445,400;3,150;3,150;3,110;233,079;233,079
2022-11-01;3,100;40;1,040;3,224,090;3,130;3,130;3,100;232,330;232,330
2022-10-31;3,140;10;273;849,820;3,110;3,150;3,110;235,327;235,327
2022-10-28;3,150;20;1;3,150;3,150;3,150;3,150;236,077;236,077
2022-10-27;3,170;0;318;990,860;3,180;3,180;3,100;237,576;237,576
2022-10-26;3,170;10;537;1,702,890;3,180;3,180;3,170;237,576;237,576
2022-10-25;3,180;0;5;15,890;3,180;3,180;3,170;238,325;238,325
2022-10-24;3,180;10;2,707;8,408,830;3,180;3,180;3,000;238,325;238,325
2022-10-21;3,190;50;2,479;7,761,400;3,100;3,190;3,100;239,075;239,075
2022-10-20;3,140;0;19;59,360;3,140;3,140;3,110;235,327;235,327
2022-10-19;3,140;40;13;40,520;3,140;3,140;3,110;235,327;235,327
2022-10-18;3,100;0;68;211,170;3,140;3,150;3,100;232,330;232,330
2022-10-17;3,100;70;142;440,490;3,130;3,170;3,100;232,330;232,330
2022-10-14;3,170;30;115;361,570;3,140;3,190;3,140;237,576;237,576
2022-10-13;3,140;0;321;1,007,940;3,140;3,140;3,140;235,327;235,327
2022-10-12;3,140;10;24;75,440;3,150;3,150;3,140;235,327;235,327
2022-10-11;3,150;50;22;68,350;3,100;3,150;3,100;236,077;236,077
2022-10-10;3,100;80;494;1,528,440;3,110;3,110;3,090;232,330;232,330
2022-10-07;3,180;10;3;9,550;3,190;3,190;3,180;238,325;238,325
2022-10-06;3,170;10;99;313,630;3,170;3,170;3,150;237,576;237,576
2022-10-05;3,180;10;21;66,780;3,180;3,180;3,180;238,325;238,325
2022-10-04;3,190;10;23;73,160;3,180;3,190;3,180;239,075;239,075
2022-10-03;3,180;10;16;49,830;3,110;3,180;3,110;238,325;238,325
2022-09-30;3,190;10;10;31,750;3,190;3,190;3,110;239,075;239,075
2022-09-29;3,180;10;3;9,460;3,180;3,180;3,100;238,325;238,325
2022-09-28;3,170;20;4;12,680;3,170;3,170;3,170;237,576;237,576
2022-09-27;3,190;0;2,400;7,632,040;3,180;3,190;3,180;239,075;239,075
2022-09-23;3,190;0;3,787;12,044,250;3,220;3,220;3,180;239,075;239,075
2022-09-22;3,190;10;2,802;8,910,380;3,180;3,190;3,180;239,075;239,075
2022-09-21;3,180;70;2,432;7,579,580;3,110;3,180;3,090;238,325;238,325
2022-09-20;3,110;10;154;479,900;3,120;3,120;3,100;233,079;233,079
2022-09-19;3,120;30;226;699,180;3,100;3,130;3,090;233,828;233,828
2022-09-16;3,090;10;361;1,117,070;3,130;3,130;3,090;231,580;231,580
2022-09-15;3,100;10;519;1,609,040;3,140;3,140;3,100;232,330;232,330
2022-09-14;3,110;10;223;689,980;3,140;3,140;3,090;233,079;233,079
2022-09-13;3,120;0;649;2,023,280;3,090;3,150;3,090;233,828;233,828
2022-09-12;3,120;10;93;287,860;3,080;3,150;3,080;233,828;233,828
2022-09-09;3,110;20;127;396,240;3,130;3,130;3,110;233,079;233,079
2022-09-08;3,130;20;156;486,190;3,150;3,200;3,110;234,578;234,578
2022-09-07;3,110;0;337;1,047,380;3,150;3,150;3,100;233,079;233,079
2022-09-06;3,110;20;951;2,976,430;3,130;3,130;3,110;233,079;233,079
2022-09-05;3,130;10;320;991,930;3,150;3,150;3,090;234,578;234,578
2022-09-02;3,140;0;114;357,070;3,100;3,150;3,100;235,327;235,327
2022-09-01;3,140;0;3;9,430;3,150;3,150;3,140;235,327;235,327
2022-08-31;3,140;10;107;335,420;3,140;3,140;3,130;235,327;235,327
2022-08-30;3,130;0;21;65,730;3,130;3,130;3,130;234,578;234,578
2022-08-29;3,130;0;748;2,319,660;3,130;3,130;3,070;234,578;234,578
2022-08-26;3,130;20;70;217,510;3,150;3,150;3,100;234,578;234,578
2022-08-25;3,150;10;211;652,300;3,090;3,150;3,090;236,077;236,077
2022-08-24;3,160;60;88;273,610;3,190;3,190;3,100;236,826;236,826
2022-08-23;3,100;0;612;1,907,240;3,130;3,130;3,100;232,330;232,330
2022-08-22;3,100;70;130;405,500;3,150;3,150;3,100;232,330;232,330
2022-08-19;3,170;0;124;392,480;3,170;3,170;3,130;237,576;237,576
2022-08-18;3,170;0;4;12,680;3,170;3,170;3,170;237,576;237,576
2022-08-17;3,170;10;73;228,650;3,170;3,170;3,130;237,576;237,576
2022-08-16;3,180;10;1,060;3,289,150;3,180;3,180;3,100;238,325;238,325
2022-08-15;3,190;20;361;1,151,090;3,210;3,210;3,150;239,075;239,075
2022-08-12;3,170;10;7;22,210;3,180;3,180;3,170;237,576;237,576
2022-08-11;3,180;30;402;1,269,360;3,180;3,180;3,150;238,325;238,325
2022-08-10;3,150;20;28;88,980;3,180;3,180;3,150;236,077;236,077
2022-08-09;3,170;10;2;6,340;3,170;3,170;3,170;237,576;237,576
2022-08-08;3,180;30;108;338,520;3,130;3,180;3,130;238,325;238,325
2022-08-05;3,150;10;372;1,171,400;3,150;3,150;3,140;236,077;236,077
2022-08-04;3,140;20;471;1,472,910;3,120;3,170;3,120;235,327;235,327
2022-08-03;3,120;10;205;639,550;3,120;3,120;3,110;233,828;233,828
2022-08-02;3,130;50;35;111,100;3,130;3,180;3,130;234,578;234,578
2022-08-01;3,180;10;197;626,310;3,180;3,180;3,130;238,325;238,325
2022-07-29;3,190;40;47;145,790;3,100;3,190;3,100;239,075;239,075
2022-07-28;3,150;0;2;6,300;3,150;3,150;3,150;236,077;236,077
2022-07-27;3,150;0;50;157,500;3,150;3,150;3,150;236,077;236,077
2022-07-26;3,150;40;2;6,330;3,180;3,180;3,150;236,077;236,077
2022-07-25;3,190;10;131;416,760;3,200;3,200;3,180;239,075;239,075
2022-07-22;3,180;10;202;641,320;3,180;3,180;3,160;238,325;238,325
2022-07-21;3,190;60;508;1,594,370;3,100;3,190;3,100;239,075;239,075
2022-07-20;3,130;10;66;206,140;3,090;3,130;3,090;234,578;234,578
2022-07-19;3,140;30;50;157,400;3,150;3,150;3,140;235,327;235,327
2022-07-18;3,110;50;537;1,662,720;3,140;3,150;3,080;233,079;233,079
2022-07-15;3,160;10;875;2,705,990;3,080;3,160;3,080;236,826;236,826
2022-07-14;3,170;10;129;408,920;3,180;3,180;3,160;237,576;237,576
2022-07-13;3,180;40;243;759,880;3,190;3,210;3,110;238,325;238,325
2022-07-12;3,220;20;23;73,370;3,220;3,220;3,110;241,323;241,323
2022-07-11;3,240;60;103;330,710;3,250;3,250;3,200;242,822;242,822
2022-07-08;3,180;10;16;51,480;3,230;3,230;3,180;238,325;238,325
2022-07-07;3,170;40;63;199,390;3,160;3,210;3,160;237,576;237,576
2022-07-06;3,210;10;12;38,450;3,140;3,210;3,140;240,573;240,573
2022-07-05;3,200;0;106;338,200;3,150;3,200;3,150;239,824;239,824
2022-07-04;3,200;0;21;67,200;3,200;3,200;3,200;239,824;239,824
2022-07-01;3,200;0;74;236,800;3,200;3,200;3,200;239,824;239,824
2022-06-30;3,200;20;180;577,020;3,230;3,230;3,200;239,824;239,824
2022-06-29;3,220;10;13;41,850;3,230;3,230;3,190;241,323;241,323
2022-06-28;3,230;10;19;60,720;3,240;3,240;3,130;242,072;242,072
2022-06-27;3,220;0;11;35,340;3,140;3,220;3,140;241,323;241,323
2022-06-24;3,220;10;295;942,950;3,160;3,220;3,160;241,323;241,323
2022-06-23;3,230;110;1;3,230;3,230;3,230;3,230;242,072;242,072
2022-06-22;3,120;60;217;673,110;3,100;3,180;3,090;233,828;233,828
2022-06-21;3,180;50;516;1,649,020;3,220;3,220;3,180;238,325;238,325
2022-06-20;3,230;10;272;858,400;3,240;3,240;3,150;242,072;242,072
2022-06-17;3,240;10;3;9,590;3,240;3,240;3,110;242,822;242,822
2022-06-16;3,230;10;206;659,370;3,250;3,250;3,200;242,072;242,072
2022-06-15;3,240;20;86;278,760;3,240;3,250;3,240;242,822;242,822
2022-06-14;3,260;10;105,556;344,084,060;3,240;3,270;3,200;244,321;244,321
2022-06-13;3,270;20;1,024;3,350,330;3,280;3,280;3,250;245,070;245,070
2022-06-10;3,250;0;850;2,763,580;3,270;3,270;3,250;243,571;243,571
2022-06-09;3,250;10;5,044;16,393,700;3,260;3,260;3,250;243,571;243,571
2022-06-08;3,260;10;6,185;20,102,510;3,260;3,260;3,250;244,321;244,321
2022-06-07;3,250;0;1,260;4,072,350;3,270;3,270;3,230;243,571;243,571
2022-06-03;3,250;0;55;177,750;3,240;3,250;3,230;243,571;243,571
2022-06-02;3,250;0;1,092;3,531,960;3,230;3,250;3,230;243,571;243,571
2022-06-01;3,250;10;193;624,820;3,230;3,250;3,230;243,571;243,571
2022-05-31;3,240;10;3,074;9,972,880;3,240;3,260;3,230;242,822;242,822
2022-05-30;3,230;10;117;377,680;3,250;3,250;3,220;242,072;242,072
2022-05-27;3,240;10;85;275,120;3,250;3,250;3,220;242,822;242,822
2022-05-26;3,250;20;2,639;8,499,910;3,220;3,250;3,220;243,571;243,571
2022-05-25;3,230;10;7,373;23,744,100;3,230;3,230;3,220;242,072;242,072
2022-05-24;3,220;0;2,544;8,192,860;3,220;3,230;3,220;241,323;241,323
2022-05-23;3,220;30;3,647;11,728,820;3,230;3,230;3,210;241,323;241,323
2022-05-20;3,250;10;104;335,020;3,270;3,270;3,220;243,571;243,571
2022-05-18;3,240;10;209;677,060;3,240;3,240;3,230;242,822;242,822
2022-05-17;3,230;10;2,147;6,935,170;3,240;3,240;3,230;242,072;242,072
2022-05-16;3,240;30;1,273;4,107,420;3,290;3,290;3,220;242,822;242,822
2022-05-13;3,210;10;20,362;65,156,050;3,230;3,230;3,180;240,573;240,573
2022-05-12;3,220;0;2,165;6,952,960;3,240;3,240;3,200;241,323;241,323
2022-05-11;3,220;30;5,912;18,899,000;3,180;3,250;3,170;241,323;241,323
2022-05-10;3,190;10;527;1,673,850;3,200;3,200;3,170;239,075;239,075
2022-05-09;3,180;10;2,945;9,365,660;3,190;3,190;3,170;238,325;238,325
2022-05-06;3,170;0;68;215,560;3,170;3,170;3,170;237,576;237,576
2022-05-05;3,170;0;2,797;8,849,610;3,170;3,180;3,160;237,576;237,576
2022-05-04;3,170;20;9,861;31,238,950;3,200;3,200;3,160;237,576;237,576
2022-05-03;3,190;30;3,421;10,822,350;3,170;3,200;3,160;239,075;239,075
2022-05-02;3,160;0;1,045;3,314,120;3,160;3,200;3,160;236,826;236,826
2022-04-29;3,160;10;5;15,810;3,170;3,170;3,140;236,826;236,826
2022-04-28;3,170;0;177;561,120;3,180;3,180;3,170;237,576;237,576
2022-04-27;3,170;10;554;1,753,290;3,140;3,180;3,140;237,576;237,576
2022-04-26;3,180;0;275;869,320;3,180;3,180;3,150;238,325;238,325
2022-04-25;3,180;10;434;1,361,510;3,180;3,180;3,130;238,325;238,325
2022-04-22;3,170;0;568;1,791,810;3,170;3,180;3,150;237,576;237,576
2022-04-21;3,170;0;162;514,690;3,180;3,180;3,160;237,576;237,576
2022-04-20;3,170;0;235;739,160;3,180;3,180;3,140;237,576;237,576
2022-04-19;3,170;0;754;2,376,100;3,190;3,190;3,140;237,576;237,576
2022-04-18;3,170;30;341;1,073,570;3,200;3,200;3,140;237,576;237,576
2022-04-13;3,140;40;1,877;5,847,360;3,190;3,190;3,090;235,327;235,327
2022-04-12;3,180;10;471;1,493,140;3,170;3,180;3,150;238,325;238,325
2022-04-11;3,170;10;1,446;4,576,220;3,220;3,220;3,150;237,576;237,576
2022-04-08;3,180;30;4,442;13,751,890;3,260;3,260;3,020;238,325;238,325
2022-04-07;3,150;10;1,158;3,607,520;3,060;3,150;3,060;236,077;236,077
2022-04-06;3,160;10;527;1,644,620;3,120;3,180;3,020;236,826;236,826
2022-04-05;3,170;30;2,873;9,080,380;3,180;3,210;3,150;237,576;237,576
2022-04-04;3,200;0;536;1,709,540;3,240;3,240;3,180;239,824;239,824
2022-04-01;3,200;30;58;187,110;3,240;3,240;3,200;239,824;239,824
2022-03-31;3,230;10;379;1,223,280;3,240;3,240;3,200;242,072;242,072
2022-03-30;3,240;30;615;2,004,490;3,270;3,270;3,210;242,822;242,822
2022-03-29;3,210;40;1,228;3,950,230;3,260;3,260;3,210;240,573;240,573
2022-03-28;3,250;20;340;1,102,280;3,260;3,260;3,230;243,571;243,571
2022-03-25;3,270;0;2,748;8,941,440;3,280;3,280;3,230;245,070;245,070
2022-03-24;3,270;0;2,714;8,734,020;3,290;3,290;3,200;245,070;245,070
2022-03-23;3,270;10;878;2,861,900;3,300;3,300;3,220;245,070;245,070
2022-03-22;3,280;10;4,427;14,487,940;3,290;3,300;3,260;245,820;245,820
2022-03-21;3,290;30;5,426;17,757,550;3,260;3,300;3,240;246,569;246,569
2022-03-18;3,260;0;342;1,102,920;3,200;3,280;3,200;244,321;244,321
2022-03-17;3,260;0;4,535;14,646,460;3,280;3,280;3,190;244,321;244,321
2022-03-16;3,260;10;4,791;15,479,180;3,280;3,290;3,200;244,321;244,321
2022-03-15;3,270;70;9,328;30,004,280;3,190;3,300;3,190;245,070;245,070
2022-03-14;3,200;0;921;2,947,760;3,210;3,210;3,200;239,824;239,824
2022-03-11;3,200;0;1,903;6,076,410;3,200;3,210;3,180;239,824;239,824
2022-03-10;3,200;10;3,020;9,678,830;3,210;3,230;3,190;239,824;239,824
2022-03-09;3,210;10;2,426;7,784,010;3,210;3,220;3,170;240,573;240,573
2022-03-07;3,200;10;5,893;18,828,790;3,200;3,210;3,170;239,824;239,824
2022-03-04;3,190;20;3,065;9,718,850;3,170;3,190;3,160;239,075;239,075
2022-03-03;3,170;10;1,151;3,655,430;3,180;3,190;3,160;237,576;237,576
2022-03-02;3,180;10;325;1,024,850;3,210;3,210;3,130;238,325;238,325
2022-03-01;3,190;0;1,514;4,723,050;3,190;3,190;3,100;239,075;239,075
2022-02-28;3,190;0;3,694;11,782,840;3,190;3,200;3,180;239,075;239,075
2022-02-25;3,190;10;972;3,071,990;3,110;3,190;3,110;239,075;239,075
2022-02-24;3,180;10;4,054;12,934,680;3,220;3,220;3,180;238,325;238,325
2022-02-23;3,190;40;15,440;49,321,030;3,150;3,250;3,150;239,075;239,075
2022-02-22;3,150;30;8,276;25,806,900;3,150;3,150;3,110;236,077;236,077
2022-02-21;3,120;40;7,362;22,828,190;3,080;3,120;3,080;233,828;233,828
2022-02-18;3,080;0;460;1,414,900;3,090;3,090;3,070;230,831;230,831
2022-02-17;3,080;10;6,078;18,635,570;3,070;3,100;3,050;230,831;230,831
2022-02-16;3,090;10;3,133;9,651,510;3,080;3,090;3,070;231,580;231,580
2022-02-15;3,080;0;1,074;3,302,140;3,080;3,080;3,060;230,831;230,831
2022-02-14;3,080;0;1,863;5,729,060;3,080;3,080;3,070;230,831;230,831
2022-02-11;3,080;0;2,473;7,597,030;3,080;3,080;3,060;230,831;230,831
2022-02-10;3,080;10;320;982,450;3,070;3,080;3,070;230,831;230,831
2022-02-09;3,070;20;10,446;32,063,970;3,050;3,090;3,050;230,081;230,081
2022-02-08;3,050;0;3,461;10,530,280;3,040;3,050;3,030;228,582;228,582
2022-02-07;3,050;10;631;1,918,510;3,040;3,050;3,040;228,582;228,582
2022-02-04;3,040;0;611;1,861,960;3,050;3,050;3,030;227,833;227,833
2022-02-03;3,040;10;646;1,970,390;3,060;3,060;3,040;227,833;227,833
2022-02-02;3,050;0;408;1,247,420;3,070;3,070;3,050;228,582;228,582
2022-02-01;3,050;0;1,082;3,300,040;3,050;3,050;3,030;228,582;228,582
2022-01-31;3,050;10;191;582,730;3,060;3,060;3,050;228,582;228,582
2022-01-28;3,060;10;183;557,660;3,050;3,070;3,040;229,332;229,332
2022-01-27;3,050;10;2,058;6,269,670;3,080;3,080;3,040;228,582;228,582
2022-01-26;3,060;10;3,468;10,546,380;3,040;3,060;3,030;229,332;229,332
2022-01-25;3,050;20;2,025;6,187,450;3,070;3,070;3,050;228,582;228,582
2022-01-24;3,070;10;659;2,016,250;3,060;3,070;3,050;230,081;230,081
2022-01-21;3,060;10;2,188;6,686,270;3,060;3,070;3,050;229,332;229,332
2022-01-20;3,070;20;13,522;40,810,360;3,090;3,090;3,000;230,081;230,081
2022-01-19;3,090;10;1,813;5,594,770;3,090;3,090;3,080;231,580;231,580
2022-01-18;3,100;0;550;1,701,290;3,100;3,100;3,090;232,330;232,330
2022-01-17;3,100;0;79;243,640;3,060;3,100;3,060;232,330;232,330
2022-01-14;3,100;0;1,050;3,224,160;3,070;3,100;3,060;232,330;232,330
2022-01-13;3,100;0;313;970,270;3,100;3,100;3,070;232,330;232,330
2022-01-12;3,100;0;124;384,450;3,110;3,110;3,100;232,330;232,330
2022-01-11;3,100;20;1,590;4,888,640;3,110;3,110;3,060;232,330;232,330
2022-01-10;3,120;30;531;1,641,640;3,090;3,120;3,090;233,828;233,828
2022-01-06;3,090;0;1,083;3,346,510;3,120;3,120;3,090;231,580;231,580
2022-01-05;3,090;10;1,221;3,751,910;3,120;3,120;3,070;231,580;231,580
2022-01-04;3,100;40;651;2,007,610;3,140;3,150;3,070;232,330;232,330
2022-01-03;3,140;10;26;81,320;3,150;3,150;3,070;235,327;235,327
2021-12-31;3,150;0;165;519,770;3,150;3,160;3,150;236,077;236,077
2021-12-30;3,150;10;2,692;8,368,390;3,140;3,150;3,050;236,077;236,077
2021-12-29;3,140;40;810;2,502,650;3,060;3,140;3,060;235,327;235,327
2021-12-28;3,100;0;1,109;3,437,860;3,100;3,100;3,080;232,330;232,330
2021-12-27;3,100;10;592;1,825,800;3,100;3,100;3,050;232,330;232,330
2021-12-24;3,110;10;541;1,677,100;3,100;3,110;3,090;233,079;233,079
2021-12-23;3,100;50;1,200;3,663,050;3,050;3,100;3,050;232,330;232,330
2021-12-22;3,050;10;1,850;5,647,100;3,080;3,080;3,050;228,582;228,582
2021-12-21;3,060;40;987;3,018,830;3,090;3,090;3,050;229,332;229,332
2021-12-20;3,100;20;1,372;4,178,280;3,020;3,100;3,020;232,330;232,330
2021-12-17;3,120;0;1,331;4,119,370;3,040;3,120;3,040;233,828;233,828
2021-12-16;3,120;10;414;1,270,680;3,050;3,120;3,050;233,828;233,828
2021-12-15;3,130;30;3,426;10,820,680;3,090;3,200;3,090;234,578;234,578
2021-12-14;3,100;20;208;641,990;3,080;3,100;3,050;232,330;232,330
2021-12-13;3,080;10;465;1,428,990;3,070;3,080;3,040;230,831;230,831
2021-12-10;3,090;20;268;825,250;3,100;3,100;3,070;231,580;231,580
2021-12-09;3,070;0;12;36,840;3,070;3,070;3,070;230,081;230,081
2021-12-08;3,070;10;1,173;3,579,480;3,030;3,080;3,030;230,081;230,081
2021-12-07;3,080;50;1,471;4,469,670;3,020;3,130;3,010;230,831;230,831
2021-12-06;3,130;0;25;77,760;3,130;3,130;3,100;234,578;234,578
2021-12-03;3,130;10;1,274;3,907,580;3,120;3,130;3,000;234,578;234,578
2021-12-02;3,120;10;658;2,052,460;3,150;3,150;3,100;233,828;233,828
2021-12-01;3,130;0;364;1,139,970;3,150;3,150;3,130;234,578;234,578
2021-11-30;3,130;20;198;621,700;3,140;3,140;3,130;234,578;234,578
2021-11-29;3,150;20;106;327,260;3,080;3,150;3,080;236,077;236,077
2021-11-26;3,130;30;503;1,557,680;3,090;3,140;3,080;234,578;234,578
2021-11-25;3,100;0;411;1,276,560;3,140;3,140;3,100;232,330;232,330
2021-11-24;3,100;50;447;1,387,970;3,100;3,150;3,100;232,330;232,330
2021-11-23;3,150;10;4;12,600;3,150;3,150;3,150;236,077;236,077
2021-11-22;3,160;20;423;1,331,860;3,150;3,160;3,140;236,826;236,826
2021-11-17;3,140;10;482;1,503,510;3,150;3,150;3,110;235,327;235,327
2021-11-16;3,150;40;343;1,070,630;3,110;3,150;3,070;236,077;236,077
2021-11-15;3,110;10;478;1,467,450;3,120;3,120;3,050;233,079;233,079
2021-11-12;3,120;0;65;202,520;3,140;3,140;3,080;233,828;233,828
2021-11-11;3,120;10;1,462;4,533,430;3,110;3,130;3,090;233,828;233,828
2021-11-10;3,110;0;247;768,710;3,110;3,130;3,110;233,079;233,079
2021-11-08;3,110;30;971;3,020,090;3,140;3,140;3,100;233,079;233,079
2021-11-05;3,140;10;20;62,800;3,140;3,140;3,140;235,327;235,327
2021-11-04;3,130;10;398;1,245,550;3,140;3,140;3,110;234,578;234,578
2021-11-03;3,140;10;1,661;5,154,950;3,150;3,150;3,100;235,327;235,327
2021-11-02;3,150;10;1,224;3,829,800;3,150;3,150;3,110;236,077;236,077
2021-11-01;3,160;10;420;1,327,800;3,170;3,170;3,160;236,826;236,826
2021-10-28;3,170;10;2,316;7,268,130;3,140;3,180;3,130;237,576;237,576
2021-10-27;3,180;30;244;768,960;3,170;3,180;3,150;238,325;238,325
2021-10-26;3,150;10;311;976,640;3,140;3,150;3,140;236,077;236,077
2021-10-25;3,140;10;102;320,320;3,190;3,190;3,130;235,327;235,327
2021-10-22;3,150;20;527;1,660,290;3,170;3,170;3,150;236,077;236,077
2021-10-21;3,170;20;394;1,246,400;3,150;3,170;3,150;237,576;237,576
2021-10-20;3,150;20;402;1,260,300;3,130;3,150;3,110;236,077;236,077
2021-10-19;3,130;10;382;1,192,480;3,100;3,130;3,100;234,578;234,578
2021-10-18;3,140;10;177;553,990;3,130;3,140;3,120;235,327;235,327
2021-10-14;3,130;10;393;1,225,570;3,140;3,150;3,100;234,578;234,578
2021-10-13;3,140;10;400;1,256,000;3,140;3,140;3,140;235,327;235,327
2021-10-12;3,130;0;2,056;6,386,830;3,100;3,140;3,090;234,578;234,578
2021-10-11;3,130;20;1,430;4,463,190;3,160;3,160;3,110;234,578;234,578
2021-10-08;3,150;10;997;3,107,990;3,150;3,160;3,110;236,077;236,077
2021-10-04;3,160;0;547;1,728,170;3,160;3,170;3,150;236,826;236,826
2021-10-01;3,160;10;2,674;8,352,160;3,170;3,180;3,120;236,826;236,826
2021-09-30;3,170;10;927;2,921,310;3,160;3,170;3,130;237,576;237,576
2021-09-29;3,160;30;262;819,520;3,120;3,160;3,120;236,826;236,826
2021-09-28;3,130;20;791;2,472,100;3,130;3,150;3,120;234,578;234,578
2021-09-27;3,150;30;2,238;7,012,260;3,190;3,190;3,120;236,077;236,077
2021-09-23;3,180;0;262;826,480;3,200;3,200;3,140;238,325;238,325
2021-09-22;3,180;0;8;25,440;3,180;3,180;3,180;238,325;238,325
2021-09-21;3,180;0;657;2,072,040;3,160;3,180;3,140;238,325;238,325
2021-09-20;3,180;0;73;232,620;3,190;3,190;3,160;238,325;238,325
2021-09-17;3,180;0;522;1,639,980;3,200;3,200;3,140;238,325;238,325
2021-09-16;3,180;10;341;1,082,000;3,200;3,200;3,140;238,325;238,325
2021-09-15;3,170;10;2,595;8,148,950;3,180;3,190;3,120;237,576;237,576
2021-09-14;3,180;10;704;2,229,030;3,180;3,190;3,160;238,325;238,325
2021-09-13;3,190;0;1,508;4,770,230;3,200;3,200;3,160;239,075;239,075
2021-09-10;3,190;10;123;391,470;3,190;3,190;3,160;239,075;239,075
2021-09-09;3,200;0;2,222;7,032,380;3,220;3,220;3,160;239,824;239,824
2021-09-08;3,200;40;1,107;3,499,520;3,160;3,240;3,150;239,824;239,824
2021-09-07;3,160;20;833;2,636,830;3,190;3,190;3,160;236,826;236,826
2021-09-06;3,180;10;1,015;3,214,320;3,150;3,190;3,150;238,325;238,325
2021-09-03;3,190;0;920;2,942,750;3,190;3,220;3,150;239,075;239,075
2021-09-02;3,190;10;760;2,400,190;3,190;3,190;3,150;239,075;239,075
2021-09-01;3,200;10;786;2,484,280;3,220;3,220;3,150;239,824;239,824
2021-08-31;3,190;0;7,082;22,340,620;3,160;3,220;3,140;239,075;239,075
2021-08-30;3,190;30;2,860;9,118,420;3,260;3,260;3,180;239,075;239,075
2021-08-27;3,220;0;157;503,880;3,220;3,220;3,200;241,323;241,323
2021-08-26;3,220;30;1,711;5,493,080;3,250;3,250;3,190;241,323;241,323
2021-08-25;3,250;0;694;2,241,400;3,200;3,270;3,200;243,571;243,571
2021-08-24;3,250;0;1,783;5,739,790;3,330;3,330;3,210;243,571;243,571
2021-08-23;3,250;50;1,480;4,739,660;3,190;3,260;3,190;243,571;243,571
2021-08-20;3,200;30;1,921;6,126,530;3,270;3,270;3,160;239,824;239,824
2021-08-19;3,230;0;1,380;4,452,500;3,220;3,280;3,200;242,072;242,072
2021-08-18;3,230;10;792;2,566,080;3,240;3,250;3,230;242,072;242,072
2021-08-17;3,240;50;1,874;6,111,270;3,290;3,350;3,240;242,822;242,822
2021-08-16;3,290;0;2,635;8,711,170;3,300;3,370;3,260;246,569;246,569
2021-08-13;3,290;90;12,833;43,612,360;3,400;3,480;3,290;246,569;246,569
2021-08-12;3,380;200;25,517;84,554,890;3,190;3,390;3,190;253,314;253,314
2021-08-11;3,180;40;2,053;6,477,860;3,140;3,180;3,130;238,325;238,325
2021-08-10;3,140;0;1,233;3,851,010;3,120;3,140;3,110;235,327;235,327
2021-08-09;3,140;0;235;736,980;3,140;3,150;3,120;235,327;235,327
2021-08-06;3,140;10;1,216;3,807,980;3,140;3,140;3,100;235,327;235,327
2021-08-05;3,130;20;703;2,195,260;3,140;3,140;3,110;234,578;234,578
2021-08-04;3,110;30;1,114;3,463,840;3,150;3,150;3,100;233,079;233,079
2021-08-03;3,140;10;1,083;3,374,320;3,150;3,150;3,100;235,327;235,327
2021-08-02;3,130;20;1,507;4,690,970;3,150;3,160;3,100;234,578;234,578
2021-07-30;3,150;10;515;1,608,280;3,150;3,150;3,120;236,077;236,077
2021-07-29;3,160;10;1,145;3,575,430;3,160;3,160;3,100;236,826;236,826
2021-07-28;3,150;0;460;1,444,820;3,160;3,160;3,130;236,077;236,077
2021-07-27;3,150;20;1,639;5,139,300;3,150;3,150;3,130;236,077;236,077
2021-07-26;3,130;20;493;1,543,550;3,150;3,150;3,130;234,578;234,578
2021-07-23;3,150;10;969;3,027,760;3,130;3,150;3,120;236,077;236,077
2021-07-22;3,140;0;348;1,089,720;3,140;3,140;3,110;235,327;235,327
2021-07-21;3,140;30;794;2,501,980;3,160;3,160;3,110;235,327;235,327
2021-07-20;3,110;40;1,405;4,375,640;3,150;3,150;3,110;233,079;233,079
2021-07-19;3,150;0;2,515;7,865,970;3,190;3,190;3,120;236,077;236,077
2021-07-16;3,150;20;2,521;7,960,270;3,170;3,170;3,150;236,077;236,077
2021-07-15;3,170;0;58;184,320;3,180;3,180;3,130;237,576;237,576
2021-07-14;3,170;0;1,267;3,997,960;3,180;3,180;3,130;237,576;237,576
2021-07-13;3,170;0;132;416,540;3,170;3,170;3,120;237,576;237,576
2021-07-12;3,170;10;282;884,520;3,110;3,170;3,110;237,576;237,576
2021-07-09;3,180;0;1,917;6,088,300;3,190;3,190;3,160;238,325;238,325
2021-07-08;3,180;10;948;3,005,480;3,200;3,200;3,170;238,325;238,325
2021-07-07;3,170;10;876;2,779,560;3,200;3,200;3,160;237,576;237,576
2021-07-06;3,180;0;2,597;8,282,840;3,200;3,200;3,160;238,325;238,325
2021-07-05;3,180;0;2,527;7,961,400;3,200;3,200;3,140;238,325;238,325
2021-07-02;3,180;40;5,023;15,973,970;3,180;3,190;3,160;238,325;238,325
2021-07-01;3,140;10;1,502;4,702,260;3,160;3,160;3,100;235,327;235,327
2021-06-30;3,130;10;330;1,033,120;3,180;3,180;3,130;234,578;234,578
2021-06-29;3,120;0;456;1,421,780;3,100;3,200;3,100;233,828;233,828
2021-06-28;3,120;50;5,144;16,079,050;3,170;3,170;3,120;233,828;233,828
2021-06-25;3,170;20;1,382;4,306,170;3,190;3,200;3,100;237,576;237,576
2021-06-24;3,190;0;1,905;6,067,500;3,190;3,200;3,120;239,075;239,075
2021-06-23;3,190;10;4,209;13,425,570;3,190;3,200;3,180;239,075;239,075
2021-06-22;3,180;10;4,037;12,792,120;3,170;3,190;3,150;238,325;238,325
2021-06-21;3,170;170;1,371;4,270,200;3,000;3,200;3,000;237,576;237,576
2021-06-17;3,000;270;10,403;31,108,370;3,280;3,280;2,950;224,835;224,835
2021-06-16;3,270;20;4,670;15,125,910;3,280;3,290;3,200;245,070;245,070
2021-06-15;3,290;30;370;1,218,950;3,330;3,330;3,290;246,569;246,569
2021-06-14;3,320;20;1,008;3,328,180;3,330;3,330;3,300;248,817;248,817
2021-06-11;3,300;10;1,877;6,229,570;3,330;3,350;3,300;247,318;247,318
2021-06-10;3,310;10;1,223;4,046,370;3,310;3,330;3,300;248,068;248,068
2021-06-09;3,300;30;4,834;15,987,320;3,330;3,330;3,300;247,318;247,318
2021-06-08;3,330;0;1,080;3,575,430;3,330;3,330;3,300;249,567;249,567
2021-06-07;3,330;20;3,311;10,935,230;3,350;3,350;3,290;249,567;249,567
2021-06-04;3,350;20;417;1,392,740;3,330;3,350;3,310;251,066;251,066
2021-06-03;3,330;20;1,236;4,129,630;3,330;3,350;3,310;249,567;249,567
2021-06-02;3,350;0;5,751;19,051,160;3,330;3,370;3,300;251,066;251,066
2021-06-01;3,350;20;5,845;19,590,260;3,370;3,380;3,330;251,066;251,066
2021-05-31;3,370;0;1,956;6,545,090;3,320;3,370;3,320;252,565;252,565
2021-05-28;3,370;10;744;2,502,680;3,380;3,380;3,350;252,565;252,565
2021-05-27;3,380;0;2,690;9,066,600;3,380;3,380;3,350;253,314;253,314
2021-05-26;3,380;0;2,999;10,097,750;3,380;3,380;3,360;253,314;253,314
2021-05-25;3,380;20;1,504;5,056,850;3,380;3,390;3,350;253,314;253,314
2021-05-24;3,360;30;2,224;7,442,320;3,330;3,390;3,330;251,815;251,815
2021-05-21;3,330;30;3,363;11,181,350;3,300;3,340;3,300;249,567;249,567
2021-05-20;3,300;20;3,477;11,470,630;3,320;3,340;3,290;247,318;247,318
2021-05-19;3,320;10;2,400;7,859,580;3,320;3,320;3,220;248,817;248,817
2021-05-18;3,310;30;3,932;13,004,630;3,370;3,370;3,260;248,068;248,068
2021-05-17;3,280;60;2,138;6,984,570;3,340;3,340;3,200;245,820;245,820
2021-05-13;3,340;30;4,074;13,551,620;3,370;3,380;3,300;250,316;250,316
2021-05-12;3,370;10;4,269;14,320,270;3,380;3,400;3,310;252,565;252,565
2021-05-11;3,380;80;8,419;28,239,490;3,300;3,390;3,300;253,314;253,314
2021-05-10;3,300;100;5,815;18,950,840;3,300;3,300;3,210;247,318;247,318
2021-05-07;3,200;100;8,500;27,322,820;3,130;3,300;3,130;239,824;239,824
2021-05-06;3,100;40;5,467;16,860,530;3,050;3,120;3,050;232,330;232,330
2021-05-05;3,060;10;1,132;3,464,570;3,060;3,070;3,050;229,332;229,332
2021-05-04;3,070;10;1,100;3,369,950;3,080;3,080;3,060;230,081;230,081
2021-05-03;3,080;0;937;2,877,450;3,080;3,080;3,070;230,831;230,831
2021-04-29;3,080;0;1,955;6,014,600;3,080;3,090;3,060;230,831;230,831
2021-04-28;3,080;30;1,014;3,110,190;3,070;3,090;3,060;230,831;230,831
2021-04-27;3,050;10;757;2,310,400;3,050;3,090;3,040;228,582;228,582
2021-04-23;3,060;0;486;1,473,770;3,030;3,060;3,030;229,332;229,332
2021-04-22;3,060;10;652;1,984,810;3,050;3,060;3,030;229,332;229,332
2021-04-21;3,050;0;833;2,538,370;3,050;3,050;3,040;228,582;228,582
2021-04-20;3,050;10;715;2,179,750;3,050;3,050;3,040;228,582;228,582
2021-04-19;3,040;10;2,774;8,438,490;3,050;3,060;3,040;227,833;227,833
2021-04-13;3,050;10;4,075;12,388,880;3,020;3,050;3,020;228,582;228,582
2021-04-12;3,040;20;548;1,667,180;3,060;3,060;3,020;227,833;227,833
2021-04-09;3,060;10;2,430;7,386,180;3,060;3,060;3,020;229,332;229,332
2021-04-08;3,050;10;459;1,396,340;3,060;3,060;3,040;228,582;228,582
2021-04-07;3,040;10;3,730;11,439,510;3,080;3,080;3,040;227,833;227,833
2021-04-06;3,050;10;728;2,218,340;3,050;3,050;3,040;228,582;228,582
2021-04-05;3,040;0;1,410;4,293,210;3,050;3,050;3,040;227,833;227,833
2021-04-02;3,040;10;658;2,005,190;3,030;3,050;3,030;227,833;227,833
2021-04-01;3,030;30;1,543;4,682,730;3,050;3,050;3,030;227,083;227,083
2021-03-31;3,060;0;2,180;6,757,300;3,160;3,160;3,050;229,332;229,332
2021-03-30;3,060;10;918;2,798,780;3,060;3,060;3,010;229,332;229,332
2021-03-29;3,050;10;7,555;22,857,400;3,040;3,150;3,000;228,582;228,582
2021-03-26;3,040;40;5,481;16,549,200;3,000;3,090;3,000;227,833;227,833
2021-03-25;3,080;70;3,849;11,725,620;3,150;3,150;3,000;230,831;230,831
2021-03-24;3,150;50;4,780;14,740,290;3,100;3,150;3,000;236,077;236,077
2021-03-23;3,100;0;11,328;35,679,430;3,130;3,200;3,100;232,330;232,330
2021-03-22;3,100;100;4,614;14,018,810;3,280;3,280;3,000;232,330;232,330
2021-03-19;3,000;10;12,639;37,868,980;2,990;3,010;2,910;224,835;224,835
2021-03-18;2,990;50;519;1,551,810;2,990;2,990;2,990;224,086;224,086
2021-03-17;2,940;40;1,034;3,021,170;2,900;2,940;2,880;220,338;220,338
2021-03-16;2,900;50;1,669;4,827,120;2,880;2,900;2,880;217,340;217,340
2021-03-15;2,950;0;1,660;4,832,000;2,900;2,950;2,900;221,088;221,088
2021-03-12;2,950;50;5,975;16,631,750;2,800;2,950;2,700;221,088;221,088
2021-03-11;3,000;0;75;218,000;2,900;3,000;2,900;224,835;224,835
2021-03-10;3,000;100;39;119,320;3,070;3,070;2,900;224,835;224,835
2021-03-09;2,900;40;604;1,751,760;2,870;2,940;2,870;217,340;217,340
2021-03-05;2,940;0;892;2,622,480;2,940;2,940;2,940;220,338;220,338
2021-03-04;2,940;10;1,234;3,629,490;2,950;2,950;2,940;220,338;220,338
2021-03-03;2,950;10;49;144,720;2,960;2,960;2,950;221,088;221,088
2021-03-02;2,960;50;3,341;9,741,150;2,910;2,960;2,900;221,837;221,837
2021-03-01;2,910;10;431;1,256,790;2,930;2,930;2,910;218,090;218,090
2021-02-26;2,900;50;69;203,500;2,950;2,950;2,900;217,340;217,340
2021-02-25;2,950;30;1,589;4,615,780;2,970;2,970;2,850;221,088;221,088
2021-02-24;2,980;120;1,353;3,897,640;2,950;2,980;2,870;223,336;223,336
2021-02-23;2,860;80;912;2,612,110;2,970;2,970;2,860;214,343;214,343
2021-02-22;2,940;0;384;1,130,960;2,980;2,980;2,940;220,338;220,338
2021-02-19;2,940;10;35;102,820;2,860;2,980;2,860;220,338;220,338
2021-02-18;2,950;0;702;2,074,740;2,950;2,980;2,950;221,088;221,088
2021-02-17;2,950;50;30;88,500;2,950;2,950;2,950;221,088;221,088
2021-02-16;2,900;80;758;2,209,720;2,940;2,950;2,900;217,340;217,340
2021-02-15;2,980;50;3,337;9,711,590;3,000;3,000;2,900;223,336;223,336
2021-02-12;2,930;0;1,180;3,471,200;2,940;2,950;2,930;219,589;219,589
2021-02-11;2,930;10;0;0;-;2,930;2,930;219,589;219,589
2021-02-10;2,920;20;300;876,000;2,920;2,920;2,920;218,839;218,839
2021-02-09;2,900;50;989;2,872,100;2,900;2,950;2,900;217,340;217,340
2021-02-08;2,950;50;1,213;3,507,880;2,880;2,960;2,820;221,088;221,088
2021-02-05;3,000;40;1,669;4,878,820;2,970;3,000;2,860;224,835;224,835
2021-02-04;2,960;0;0;0;-;2,960;2,960;221,837;221,837
2021-02-03;2,960;0;1,040;3,038,120;2,920;2,960;2,920;221,837;221,837
2021-02-02;2,960;0;555;1,650,950;3,020;3,020;2,960;221,837;221,837
2021-02-01;2,960;20;1,984;5,826,620;2,980;2,980;2,920;221,837;221,837
2021-01-29;2,940;10;187;550,930;2,950;2,950;2,940;220,338;220,338
2021-01-28;2,950;0;230;678,500;2,950;2,950;2,950;221,088;221,088
2021-01-27;2,950;0;7;20,650;2,950;2,950;2,950;221,088;221,088
2021-01-26;2,950;50;2,523;7,146,750;2,990;3,000;2,800;221,088;221,088
2021-01-25;3,000;0;123;367,780;2,990;3,000;2,990;224,835;224,835
2021-01-22;3,000;0;110;330,000;3,000;3,000;3,000;224,835;224,835
2021-01-21;3,000;0;241;723,040;3,000;3,040;3,000;224,835;224,835
2021-01-20;3,000;60;701;2,076,000;2,940;3,000;2,940;224,835;224,835
2021-01-19;2,940;0;0;0;-;2,940;2,940;220,338;220,338
2021-01-18;2,940;40;4,479;13,333,390;2,900;3,000;2,900;220,338;220,338
2021-01-15;2,900;90;700;1,975,100;2,900;2,900;2,810;217,340;217,340
2021-01-14;2,810;10;209;586,350;2,800;2,810;2,800;210,595;210,595
2021-01-13;2,800;0;1,170;3,276,000;2,800;2,800;2,800;209,846;209,846
2021-01-12;2,800;20;556;1,556,800;2,800;2,800;2,800;209,846;209,846
2021-01-11;2,780;10;0;0;-;2,780;2,780;208,347;208,347
2021-01-08;2,770;20;0;0;-;2,770;2,770;207,598;207,598
2021-01-06;2,750;150;1,645;4,571,500;2,900;2,900;2,750;206,099;206,099
2021-01-05;2,900;0;1,786;5,167,400;2,860;2,900;2,860;217,340;217,340
2021-01-04;2,900;0;2,815;8,059,590;2,900;3,000;2,710;217,340;217,340
2020-12-31;2,900;0;1,000;2,900,000;2,900;2,900;2,900;217,340;217,340
2020-12-30;2,900;0;1,330;3,860,500;2,950;2,950;2,900;217,340;217,340
2020-12-29;2,900;50;230;674,500;2,960;2,960;2,900;217,340;217,340
2020-12-28;2,950;30;419;1,230,080;2,980;2,980;2,900;221,088;221,088
2020-12-25;2,980;0;272;812,060;2,990;2,990;2,970;223,336;223,336
2020-12-24;2,980;80;6,580;19,596,000;2,850;3,000;2,850;223,336;223,336
2020-12-23;2,900;0;2,469;7,137,650;2,900;3,000;2,850;217,340;217,340
2020-12-22;2,900;190;1,997;5,980,670;3,100;3,100;2,900;217,340;217,340
2020-12-21;3,090;40;35;108,150;3,090;3,090;3,090;231,580;231,580
2020-12-18;3,050;30;450;1,284,960;3,090;3,090;2,750;228,582;228,582
2020-12-17;3,020;120;510;1,541,200;3,030;3,030;3,020;226,334;226,334
2020-12-16;2,900;100;742;2,156,800;3,000;3,000;2,900;217,340;217,340
2020-12-15;3,000;80;1,973;5,668,350;2,810;3,080;2,810;224,835;224,835
2020-12-14;3,080;80;90;277,200;3,080;3,080;3,080;230,831;230,831
2020-12-11;3,000;0;200;600,000;3,000;3,000;3,000;224,835;224,835
2020-12-10;3,000;100;748;2,284,820;3,100;3,100;3,000;224,835;224,835
2020-12-09;3,100;100;50;155,000;3,100;3,100;3,100;232,330;232,330
2020-12-08;3,000;150;3,153;9,495,050;3,140;3,140;3,000;224,835;224,835
2020-12-07;3,150;50;2,430;7,755,700;3,200;3,200;3,150;236,077;236,077
2020-12-04;3,200;200;3,470;10,650,000;2,900;3,200;2,900;239,824;239,824
2020-12-03;3,000;140;332;996,000;3,000;3,000;3,000;224,835;224,835
2020-12-02;3,140;60;20;62,800;3,140;3,140;3,140;235,327;235,327
2020-12-01;3,080;70;2,303;6,968,450;3,000;3,090;3,000;230,831;230,831
2020-11-30;3,010;60;414;1,271,660;3,100;3,100;3,010;225,584;225,584
2020-11-27;3,070;10;1,422;4,279,950;3,030;3,080;3,000;230,081;230,081
2020-11-26;3,080;80;155;466,400;3,010;3,080;3,000;230,831;230,831
2020-11-25;3,000;0;65;196,000;3,100;3,100;3,000;224,835;224,835
2020-11-24;3,000;0;761;2,369,040;3,150;3,150;3,000;224,835;224,835
2020-11-23;3,000;0;616;1,848,720;3,000;3,120;3,000;224,835;224,835
2020-11-20;3,000;0;1,938;5,814,750;2,980;3,090;2,980;224,835;224,835
2020-11-19;3,000;0;815;2,465,000;3,200;3,200;3,000;224,835;224,835
2020-11-18;3,000;120;2,370;7,138,000;3,120;3,120;3,000;224,835;224,835
2020-11-17;3,120;20;901;2,769,910;3,150;3,150;3,010;233,828;233,828
2020-11-16;3,140;30;159;483,160;3,140;3,140;3,000;235,327;235,327
2020-11-13;3,110;40;809;2,507,640;3,050;3,120;3,050;233,079;233,079
2020-11-12;3,150;100;6,786;21,056,700;3,100;3,150;3,050;236,077;236,077
2020-11-11;3,050;150;500;1,525,000;3,050;3,050;3,050;228,582;228,582
2020-11-10;2,900;100;416;1,219,400;3,000;3,000;2,900;217,340;217,340
2020-11-06;3,000;80;786;2,364,780;3,020;3,020;3,000;224,835;224,835
2020-11-05;3,080;20;653;2,014,300;3,100;3,100;3,080;230,831;230,831
2020-11-04;3,100;20;508;1,575,260;3,100;3,110;3,100;232,330;232,330
2020-11-03;3,120;30;942;2,945,510;3,150;3,150;3,110;233,828;233,828
2020-10-28;3,150;30;229;726,720;3,180;3,180;3,150;236,077;236,077
2020-10-27;3,120;0;1,776;5,538,840;3,120;3,120;3,100;233,828;233,828
2020-10-26;3,120;0;3,447;10,591,890;3,120;3,120;3,000;233,828;233,828
2020-10-23;3,120;20;200;624,000;3,120;3,120;3,120;233,828;233,828
2020-10-22;3,100;10;881;2,745,120;3,120;3,120;3,100;232,330;232,330
2020-10-21;3,110;0;852;2,653,720;3,110;3,120;3,110;233,079;233,079
2020-10-20;3,110;90;5,027;15,627,990;3,200;3,200;3,090;233,079;233,079
2020-10-19;3,200;0;1,573;5,033,600;3,200;3,200;3,200;239,824;239,824
2020-10-16;3,200;0;232;742,400;3,200;3,200;3,200;239,824;239,824
2020-10-14;3,200;0;1,037;3,318,400;3,200;3,200;3,200;239,824;239,824
2020-10-13;3,200;50;1,466;4,720,810;3,250;3,250;3,200;239,824;239,824
2020-10-12;3,250;30;21;67,650;3,220;3,250;3,220;243,571;243,571
2020-10-09;3,220;20;648;2,073,780;3,200;3,220;3,200;241,323;241,323
2020-10-08;3,240;90;1,581;5,089,250;3,200;3,250;3,200;242,822;242,822
2020-10-07;3,150;130;1,600;5,041,600;3,150;3,160;3,150;236,077;236,077
2020-10-06;3,280;20;277;906,370;3,250;3,280;3,250;245,820;245,820
2020-10-05;3,260;10;268;871,330;3,260;3,260;3,250;244,321;244,321
2020-10-02;3,270;20;596;1,907,270;3,200;3,270;3,200;245,070;245,070
2020-10-01;3,290;10;10;32,900;3,290;3,290;3,290;246,569;246,569
2020-09-30;3,280;10;429;1,409,790;3,290;3,300;3,280;245,820;245,820
2020-09-29;3,290;10;3,360;10,724,400;3,180;3,290;3,180;246,569;246,569
2020-09-28;3,300;0;8,793;28,866,530;3,280;3,300;3,220;247,318;247,318
2020-09-25;3,300;80;9,272;30,109,440;3,220;3,300;3,200;247,318;247,318
2020-09-23;3,220;20;425;1,370,500;3,240;3,240;3,220;241,323;241,323
2020-09-22;3,240;10;681;2,208,120;3,280;3,280;3,240;242,822;242,822
2020-09-21;3,250;0;1,038;3,350,820;3,220;3,250;3,190;243,571;243,571
2020-09-15;3,250;20;308;1,002,000;3,290;3,290;3,230;243,571;243,571
2020-09-14;3,230;50;2,454;7,939,040;3,240;3,260;3,230;242,072;242,072
2020-09-11;3,280;40;3,382;10,938,990;3,300;3,300;3,220;245,820;245,820
2020-09-10;3,240;10;993;3,216,640;3,240;3,240;3,230;242,822;242,822
2020-09-09;3,250;0;320;1,040,000;3,250;3,250;3,250;243,571;243,571
2020-09-08;3,250;30;4,853;15,634,610;3,220;3,250;3,210;243,571;243,571
2020-09-07;3,220;70;6,004;19,545,240;3,300;3,300;3,220;241,323;241,323
2020-09-04;3,290;10;6,182;20,337,030;3,270;3,310;3,270;246,569;246,569
2020-09-03;3,280;0;20,835;67,209,850;3,200;3,280;3,190;245,820;245,820
2020-09-02;3,280;0;18,047;58,472,320;3,270;3,280;3,200;245,820;245,820
2020-09-01;3,280;120;21,741;71,481,660;3,400;3,400;3,270;245,820;245,820
2020-08-31;3,400;10;3,733;12,689,610;3,400;3,410;3,380;254,813;254,813
2020-08-28;3,410;0;13,446;45,823,290;3,400;3,450;3,400;255,562;255,562
2020-08-27;3,410;40;7,496;25,592,450;3,450;3,450;3,400;255,562;255,562
2020-08-26;3,450;0;7,967;27,082,900;3,350;3,450;3,350;258,560;258,560
2020-08-25;3,450;30;18,896;64,442,810;3,420;3,450;3,380;258,560;258,560
2020-08-24;3,480;50;9,958;34,528,470;3,510;3,530;3,450;260,809;260,809
2020-08-14;3,530;30;23,058;80,710,370;3,500;3,550;3,460;264,556;264,556
2020-08-13;3,500;210;52,669;186,085,460;3,690;3,690;3,400;262,308;262,308
2020-08-12;3,710;270;220,236;817,816,860;3,980;3,990;3,590;278,046;278,046
